v_products_model	v_products_price	v_products_quantity	v_tax_class_title	EOREOR	v_famille	v_sousfamille
1	1.7	101	1	EOREOR	87	0
2	1.316984913397	192	1	EOREOR	20	10
3	2	108	1	EOREOR	87	26
4	30	-46	1	EOREOR	91	1
8	2.025	4	1	EOREOR	20	10
10	31.5	5	1	EOREOR	1	2
13	34.33662353516	3	1	EOREOR	1	2
16	14.2	-1	1	EOREOR	1	2
17	13.3652	15	1	EOREOR	1	2
20	37.10785522461	6	1	EOREOR	1	2
21	30.5	4	1	EOREOR	1	2
30	11.4	12	1	EOREOR	1	2
35	41.36	1	1	EOREOR	87	16
36	12	0	1	EOREOR	1	5
42	8.9	0	1	EOREOR	1	5
45	9.5	15	1	EOREOR	1	8
46	9.5	7	1	EOREOR	1	8
48	156.4704052734	1	1	EOREOR	1	2
50	13.72	9	1	EOREOR	1	14
51	10.9	0	1	EOREOR	1	14
52	12.129	5	1	EOREOR	1	14
57	13.28680027008	6	1	EOREOR	1	17
58	15.79	13	1	EOREOR	1	17
60	16.02	30	1	EOREOR	1	17
62	17.05	9	1	EOREOR	1	17
65	16.95	9	1	EOREOR	1	20
66	10.65	21	1	EOREOR	1	20
75	15.4098563385	8	1	EOREOR	1	17
76	1.5	0	1	EOREOR	87	26
91	35.92350082398	8	1	EOREOR	1	23
95	18.5	2	1	EOREOR	1	29
99	26.08295974731	2	1	EOREOR	1	29
111	29.746	1	1	EOREOR	1	35
118	34.277	1	1	EOREOR	1	35
138	26.25	0	1	EOREOR	1	38
142	11.5	5	1	EOREOR	1	41
144	12.83399982452	13	1	EOREOR	1	41
146	15.75	7	1	EOREOR	1	41
147	12.65	11	1	EOREOR	1	41
148	33	2	1	EOREOR	1	62
152	16.45	5	1	EOREOR	1	41
154	10.1	2	1	EOREOR	1	41
156	22.99	3	1	EOREOR	1	38
164	13.2	0	1	EOREOR	1	41
166	13.2	5	1	EOREOR	1	41
171	10.8	4	1	EOREOR	1	41
173	19	0	1	EOREOR	1	41
176	10.4	1	1	EOREOR	1	41
181	19.8	8	1	EOREOR	1	41
182	12.8	12	1	EOREOR	1	41
183	19.05	11	1	EOREOR	1	41
185	16.66591479425	0	1	EOREOR	87	13
188	10.24	0	1	EOREOR	1	41
190	11.17	7	1	EOREOR	1	41
192	13.961	17	1	EOREOR	1	50
193	13.961	13	1	EOREOR	1	50
197	13.691	11	1	EOREOR	1	50
206	10.85	1	1	EOREOR	1	50
210	14.3	3	1	EOREOR	1	50
211	11.15	0	1	EOREOR	1	50
212	18	7	1	EOREOR	1	56
223	42.19894687653	5	1	EOREOR	1	63
225	27.45	6	1	EOREOR	1	62
233	122.397	1	1	EOREOR	1	65
234	256.837	0	1	EOREOR	1	65
245	35.80042433739	2	1	EOREOR	1	65
255	28.95750083923	-2	1	EOREOR	1	71
257	17.9	17	1	EOREOR	1	71
258	9.8774	87	1	EOREOR	1	71
264	29.95	1	1	EOREOR	1	74
275	15.8	6	1	EOREOR	1	74
284	13.06249976158	1	1	EOREOR	87	14
291	5.778000283241	28	1	EOREOR	10	4
296	5.5	0	1	EOREOR	10	4
297	4.2	13	1	EOREOR	10	4
298	19.28711929321	2	1	EOREOR	1	5
302	4.859999871254	18	1	EOREOR	10	5
303	4.859999871254	84	1	EOREOR	10	5
304	4.859999871254	25	1	EOREOR	10	5
305	7.019999742508	36	1	EOREOR	10	5
327	5.418	6	1	EOREOR	10	11
332	13.33800029755	9	1	EOREOR	10	12
333	14.48200044632	24	1	EOREOR	10	12
368	37.03749895096	1	1	EOREOR	87	27
369	25.09999990463	2	1	EOREOR	87	27
370	8.550000190735	8	1	EOREOR	87	27
389	8.125	1	1	EOREOR	10	97
395	106.11	-9	1	EOREOR	89	6
396	135.1	-1	1	EOREOR	89	6
405	3.939012136459	1	1	EOREOR	20	15
407	1.978679938316	55	1	EOREOR	20	10
408	1471.35	-2	1	EOREOR	89	6
412	4.354999876022	1	1	EOREOR	10	61
413	4.289999938011	0	1	EOREOR	10	61
415	76.7	0	1	EOREOR	89	7
418	6.733999919891	0	1	EOREOR	10	63
423	1690	0	1	EOREOR	89	7
429	9.855000257492	1	1	EOREOR	10	69
432	1471.35	0	1	EOREOR	89	6
434	6.3	76	1	EOREOR	10	69
435	4.86	-2	1	EOREOR	10	69
436	15.45749974251	5	1	EOREOR	10	69
437	8.5	51	1	EOREOR	11	69
438	32.36999950409	21	1	EOREOR	11	69
439	24.56999950409	6	1	EOREOR	11	69
440	19.36999950409	13	1	EOREOR	11	69
441	14.16999950409	6	1	EOREOR	10	70
478	5.8	0	1	EOREOR	10	87
479	10.95	17	1	EOREOR	1	47
481	12.036	1	1	EOREOR	1	41
483	26.22100009918	5	1	EOREOR	10	90
485	8.1	12	1	EOREOR	10	90
510	3.85	30	1	EOREOR	20	1
522	2.85	480	1	EOREOR	20	1
523	2.78	1560	1	EOREOR	20	1
525	2.14	1560	1	EOREOR	20	1
528	3.15	450	1	EOREOR	20	1
535	3.84	1400	1	EOREOR	20	2
549	3.05	720	1	EOREOR	20	1
557	3.252540066242	0	1	EOREOR	20	1
558	4.1	1680	1	EOREOR	20	2
560	4.628273887634	0	0	EOREOR	20	2
561	3.8	260	1	EOREOR	20	2
573	3.75	2280	0	EOREOR	20	2
583	4.602236956358	20	1	EOREOR	20	2
590	4.134536132813	0	1	EOREOR	20	2
603	1.909040021896	224	1	EOREOR	20	8
604	1.437099981308	293	1	EOREOR	20	8
605	1.357860016823	162	1	EOREOR	20	8
610	1.570939993858	99	1	EOREOR	20	8
611	1.186500036717	483	1	EOREOR	20	8
612	1.186500036717	507	1	EOREOR	20	8
614	0.9928800344467	288	1	EOREOR	20	8
622	1.228780043125	375	1	EOREOR	20	8
625	1.027179968357	82	1	EOREOR	20	8
627	0.9489199995995	216	1	EOREOR	20	8
633	1.573476026058	-1	0	EOREOR	20	9
642	1.630607964993	82	1	EOREOR	20	9
644	1.834434063435	125	1	EOREOR	20	9
647	1.540000033379	59	1	EOREOR	20	9
658	1.078420042992	129	1	EOREOR	20	9
659	1.379699969292	106	1	EOREOR	20	9
663	1.546014075279	0	1	EOREOR	20	9
664	1.502339959145	0	1	EOREOR	20	9
665	1.699459958077	106	1	EOREOR	20	9
669	1.61846408844	54	1	EOREOR	20	9
670	1.59169208765	66	1	EOREOR	20	9
672	1.602580070496	75	1	EOREOR	20	9
673	1.579961950779	162	1	EOREOR	20	9
674	1.719480071068	67	1	EOREOR	20	9
677	1.768469974995	0	1	EOREOR	20	9
679	1.768469974995	21	1	EOREOR	20	9
681	1.558157951832	0	1	EOREOR	20	9
699	1.64835999012	356	1	EOREOR	20	9
701	1.488330044746	10	1	EOREOR	20	9
706	2.259599947929	73	1	EOREOR	20	9
710	1.220379984379	5	1	EOREOR	20	9
714	1.768340039253	117	1	EOREOR	20	9
726	1.601039981842	260	1	EOREOR	20	9
729	1.540908050537	208	1	EOREOR	20	9
732	1.684199929237	314	1	EOREOR	20	9
734	1.359679985046	127	1	EOREOR	20	9
735	1.371860003471	90	1	EOREOR	20	9
736	1.7112200737	136	1	EOREOR	20	9
746	2.086146047115	192	1	EOREOR	20	9
747	1.373960018158	79	1	EOREOR	20	9
748	1.692319941521	163	1	EOREOR	20	9
751	1.997964055538	119	1	EOREOR	20	9
752	1.244039988518	53	1	EOREOR	20	9
753	1.935500073433	142	1	EOREOR	20	9
756	1.594865956307	211	1	EOREOR	20	9
757	1.430922060013	177	1	EOREOR	20	9
759	1.770408017635	4	1	EOREOR	20	22
762	1.85010008812	117	1	EOREOR	20	9
764	1.887702019215	240	1	EOREOR	20	9
765	2.063927979469	114	1	EOREOR	20	9
782	1.349639979601	146	1	EOREOR	20	9
783	1.67187006712	129	1	EOREOR	20	9
785	1.664694027901	164	1	EOREOR	20	9
786	1.501499986649	204	1	EOREOR	20	9
788	1.666560006142	151	1	EOREOR	20	9
789	1.657880067825	136	1	EOREOR	20	9
790	1.789760088921	141	1	EOREOR	20	9
792	1.484139943123	253	1	EOREOR	20	9
797	7.311941285133	25	1	EOREOR	20	14
799	8.653	0	1	EOREOR	20	10
806	7.003	0	1	EOREOR	20	10
812	1.88972992301	112	1	EOREOR	20	10
820	2.292653925419	32	1	EOREOR	20	10
866	1.43531999588	89	1	EOREOR	20	10
867	1.43531999588	95	1	EOREOR	20	10
868	1.431479033232	145	1	EOREOR	20	10
870	1.462184947729	2	1	EOREOR	20	22
871	2.227959	-1	0	EOREOR	20	10
872	1.43531999588	0	1	EOREOR	20	10
873	1.816707	128	1	EOREOR	20	10
874	1.854190063477	196	1	EOREOR	20	10
875	2.16160004139	-12	1	EOREOR	20	10
877	1.673864990473	288	1	EOREOR	20	10
887	2.500540041924	57	1	EOREOR	20	12
888	2.286899971962	1182	1	EOREOR	20	12
890	4.529979848862	100	0	EOREOR	20	12
891	2.450699949265	71	1	EOREOR	20	12
892	1.920375019312	82	1	EOREOR	20	10
895	4.07708407402	23	1	EOREOR	20	12
899	2.46945602417	0	1	EOREOR	20	12
936	1.83126003027	140	1	EOREOR	20	11
937	6.84	0	1	EOREOR	10	93
938	7.392	20	0	EOREOR	20	2
947	7.2	2	1	EOREOR	10	92
949	5.67	3	1	EOREOR	10	92
951	3.022061891556	24	1	EOREOR	20	14
952	2.570539975166	68	1	EOREOR	20	14
953	3.987760162354	660	1	EOREOR	20	14
954	5.67	0	1	EOREOR	10	92
955	4.79006985426	59	1	EOREOR	20	15
962	7.687710142136	1	1	EOREOR	20	15
963	10.24946973324	-2	1	EOREOR	20	15
966	5.810105309486	-6	1	EOREOR	20	15
967	5.938278150559	12	1	EOREOR	20	15
975	4.620377926827	20	1	EOREOR	20	14
977	6.265	1	1	EOREOR	20	14
978	2.659999966621	72	1	EOREOR	20	14
980	5.85	0	1	EOREOR	10	92
982	2.659999966621	36	1	EOREOR	20	14
983	4.670160140991	2	1	EOREOR	20	15
985	3.289	12	1	EOREOR	20	14
991	5.85	2	1	EOREOR	10	92
993	3.794447908402	5	1	EOREOR	20	15
995	3.6	131	1	EOREOR	10	5
996	3.54606013298	154	1	EOREOR	20	14
997	3.560060119629	53	1	EOREOR	20	14
1000	3.965360116959	96	1	EOREOR	20	14
1001	3.523380041122	71	1	EOREOR	20	14
1002	3.173447842598	0	1	EOREOR	20	14
1004	3.556699895859	124	1	EOREOR	20	14
1006	7.2	19	1	EOREOR	10	94
1010	5.49	0	1	EOREOR	11	99
1011	2.886520004273	431	1	EOREOR	20	14
1012	4.085100030899	28	1	EOREOR	20	15
1028	4.001171951294	-3	1	EOREOR	20	15
1030	4.181625115871	36	1	EOREOR	20	15
1036	1.897559952736	170	1	EOREOR	20	9
1038	3.05	420	0	EOREOR	20	2
1041	123.6	0	1	EOREOR	89	7
1042	103.37	0	1	EOREOR	89	6
1050	2.958984146118	30	1	EOREOR	20	15
1051	2.958984146118	41	1	EOREOR	20	15
1052	2.958984146118	120	1	EOREOR	20	15
1054	4.37920003891	120	0	EOREOR	20	2
1055	4.819769954681	18	1	EOREOR	20	15
1056	4.415580153465	29	1	EOREOR	20	15
1057	5.265470147133	61	1	EOREOR	20	15
1059	5.022095961571	11	1	EOREOR	20	15
1062	4.09359998703	0	1	EOREOR	20	2
1064	16.68424472809	23	1	EOREOR	20	16
1065	1.846665018797	144	1	EOREOR	20	25
1067	12.84452996924	0	1	EOREOR	20	16
1073	11.56820383072	5	1	EOREOR	20	16
1074	15.13498449326	8	0	EOREOR	20	16
1079	1.847204947472	36	1	EOREOR	20	25
1080	90.12	0	1	EOREOR	89	7
1084	69.50566585541	0	1	EOREOR	20	19
1086	1.95	-112	1	EOREOR	20	20
1087	3	-67	1	EOREOR	20	20
1094	2.5	-211	1	EOREOR	20	20
1095	4.5	-248	1	EOREOR	20	20
1097	153.66	0	1	EOREOR	89	7
1103	11.01763054848	0	1	EOREOR	20	21
1121	1.73851993084	144	1	EOREOR	20	22
1122	4.875359916687	24	1	EOREOR	20	23
1123	1.702202041149	0	1	EOREOR	20	22
1124	1.186837983131	2	1	EOREOR	20	22
1132	8.75	0	1	EOREOR	1	2
1134	4.36760995388	33	1	EOREOR	20	23
1152	28	8	1	EOREOR	1	32
1161	3.538484930992	12	1	EOREOR	20	15
1163	6.74	0	1	EOREOR	89	6
1168	2.041334974766	122	1	EOREOR	20	25
1170	2.20221397996	168	1	EOREOR	20	25
1187	3.053	12	1	EOREOR	20	10
1203	8.2	2	1	EOREOR	1	8
1207	1.587739944458	257	1	EOREOR	20	9
1222	3.825	0	1	EOREOR	20	13
1232	1.770019984245	190	1	EOREOR	20	9
1233	2.041334974766	46	1	EOREOR	20	25
1242	12.9	0	1	EOREOR	1	84
1245	1.563659954071	350	1	EOREOR	20	9
1253	2.41	0	1	EOREOR	20	1
1263	3.11	2400	1	EOREOR	20	1
1264	4.27	600	1	EOREOR	20	1
1270	7.53	20	1	EOREOR	20	2
1272	1113	0	1	EOREOR	89	6
1274	990.57	0	1	EOREOR	89	6
1277	51.5	3	1	EOREOR	89	7
1279	2.87	1170	1	EOREOR	20	1
1280	49.92	0	1	EOREOR	89	7
1282	434.69	0	1	EOREOR	89	6
1286	3.255000066757	0	1	EOREOR	20	1
1287	2.92	-150	1	EOREOR	20	1
1292	2.36	0	1	EOREOR	89	6
1293	157.28	0	1	EOREOR	89	6
1294	152.7	0	1	EOREOR	89	6
1295	89	0	1	EOREOR	89	6
1296	0.6	0	1	EOREOR	89	6
1297	658	0	1	EOREOR	89	6
1298	682	0	1	EOREOR	89	6
1300	4.65	20	1	EOREOR	20	2
1311	3.941418113709	20	1	EOREOR	20	2
1325	4.2	0	1	EOREOR	20	3
1327	3.880240011215	0	1	EOREOR	20	3
1330	3.85	0	1	EOREOR	20	3
1334	22.35	0	1	EOREOR	20	4
1339	23.6	22	1	EOREOR	20	4
1342	22.65	21	1	EOREOR	20	4
1343	24.85	118	1	EOREOR	20	4
1347	28.6	0	1	EOREOR	20	4
1349	29.2	0	1	EOREOR	20	4
1350	21.1	0	1	EOREOR	20	4
1354	23.75	36	1	EOREOR	20	4
1359	3.117449998856	0	1	EOREOR	20	1
1360	0.8314600348473	0	1	EOREOR	20	8
1366	0.8291919791699	10	1	EOREOR	20	8
1372	74	0	1	EOREOR	20	6
1378	24.05	24	1	EOREOR	20	4
1379	27.05	16	1	EOREOR	20	4
1380	4.059770011902	0	1	EOREOR	20	1
1384	2.9	0	1	EOREOR	20	1
1385	3.397835898399	-40	1	EOREOR	20	2
1389	4.248875081539	0	1	EOREOR	20	3
1391	1.876559972763	170	1	EOREOR	20	9
1400	1.189652007987	3	1	EOREOR	20	9
1401	1.258040058613	239	1	EOREOR	20	9
1402	1.412320041657	180	1	EOREOR	20	9
1403	1.710785944462	0	1	EOREOR	20	9
1404	1.11780000329	97	0	EOREOR	20	9
1406	2.008728032112	120	1	EOREOR	20	9
1407	1.523060059547	3	1	EOREOR	20	9
1411	1.481480002403	157	1	EOREOR	20	9
1412	1.505166041851	48	1	EOREOR	20	9
1413	1.421814029217	83	1	EOREOR	20	9
1418	1.142553007689	0	1	EOREOR	20	9
1439	1.317	0	1	EOREOR	20	10
1442	28.86	0	1	EOREOR	89	6
1443	19.2	0	1	EOREOR	89	6
1444	47.38	0	1	EOREOR	89	6
1454	393.33	0	1	EOREOR	89	6
1458	58.34	0	1	EOREOR	89	6
1460	34.93	0	1	EOREOR	89	6
1461	70.04	0	1	EOREOR	89	6
1463	24.16	0	1	EOREOR	89	6
1467	1.124819970131	83	1	EOREOR	20	10
1468	1.252125012875	232	1	EOREOR	20	10
1469	1.880685031414	227	1	EOREOR	20	10
1484	0.7376400142908	288	1	EOREOR	20	25
1485	0.6612300083041	335	1	EOREOR	20	25
1505	1.761200022697	57	1	EOREOR	20	11
1506	1.786400032044	118	1	EOREOR	20	11
1507	1.786400032044	351	1	EOREOR	20	11
1509	1.786400032044	248	1	EOREOR	20	11
1517	1.763999986649	73	1	EOREOR	20	11
1524	1.805225994587	127	1	EOREOR	20	10
1528	1.602999973297	88	1	EOREOR	20	11
1531	17.87	0	1	EOREOR	89	6
1532	20.86	0	1	EOREOR	89	6
1533	32.73	0	1	EOREOR	89	6
1534	20.49	0	1	EOREOR	89	6
1535	1.799520027638	99	1	EOREOR	20	11
1536	24.87	0	1	EOREOR	89	6
1537	1.637999939919	233	1	EOREOR	20	11
1541	1.4	5	0	EOREOR	20	11
1545	1.752599973679	0	1	EOREOR	20	11
1549	1.4	24	0	EOREOR	20	11
1550	36.05	0	1	EOREOR	89	6
1551	1.65	0	1	EOREOR	89	6
1562	3.170549855232	145	1	EOREOR	20	15
1565	17.85366000189	55	1	EOREOR	20	15
1567	17.363	24	1	EOREOR	20	15
1571	10.988	20	1	EOREOR	20	15
1586	4.480903124809	13	1	EOREOR	20	15
1588	4.38	0	1	EOREOR	89	6
1590	12.30990945816	2	1	EOREOR	20	21
1592	4.86	0	1	EOREOR	89	6
1595	6.72	0	1	EOREOR	89	6
1597	4.06	80	1	EOREOR	20	24
1598	3.4	210	1	EOREOR	20	24
1601	8.35	0	1	EOREOR	89	6
1602	6.91	0	1	EOREOR	89	6
1603	48.06	0	1	EOREOR	89	6
1604	53.67	0	1	EOREOR	89	6
1605	21.45	0	1	EOREOR	89	7
1606	21.45	0	1	EOREOR	89	7
1607	37.65	0	1	EOREOR	89	7
1608	28.4	0	1	EOREOR	89	6
1609	154.2	0	1	EOREOR	89	6
1610	13.96	0	1	EOREOR	89	6
1611	13.96	0	1	EOREOR	89	6
1612	4.92	0	1	EOREOR	89	6
1618	3.828527898789	15	1	EOREOR	20	15
1631	3.15	150	1	EOREOR	20	3
1632	1.316250032187	0	1	EOREOR	20	10
1649	1.76	18	1	EOREOR	30	5
1650	1.65	26	1	EOREOR	30	5
1663	11.18749976158	0	1	EOREOR	20	15
1665	12.22912549973	0	1	EOREOR	20	15
1666	1.661879968643	133	1	EOREOR	40	1
1669	9.05212521553	0	1	EOREOR	20	15
1672	1.801844984293	-48	1	EOREOR	30	5
1673	0.6783749967814	1346	1	EOREOR	40	21
1674	1.7248	54	1	EOREOR	40	1
1676	2.579040044546	0	1	EOREOR	30	5
1677	3.075468034744	0	0	EOREOR	30	5
1678	1.85	59	1	EOREOR	40	1
1679	0.9	370	1	EOREOR	40	6
1680	0.9	1851	1	EOREOR	40	6
1681	4.189	0	1	EOREOR	35	1
1683	2	0	1	EOREOR	50	6
1684	2	0	1	EOREOR	50	6
1685	2	-2	1	EOREOR	50	6
1686	1.778895038366	88	1	EOREOR	35	5
1687	2	0	1	EOREOR	50	6
1690	2	0	1	EOREOR	50	6
1691	2	0	1	EOREOR	50	6
1692	2	0	1	EOREOR	50	6
1693	2	0	1	EOREOR	50	6
1696	2	0	1	EOREOR	50	6
1721	0.9388800144196	1438	1	EOREOR	40	6
1725	0.95	716	1	EOREOR	40	6
1726	2.70236996609	-72	1	EOREOR	40	11
1727	1.8	0	1	EOREOR	40	11
1728	2.708390287399	-8	1	EOREOR	40	11
1730	3.587999987602	0	1	EOREOR	50	11
1739	11.18749976158	0	1	EOREOR	20	15
1740	0.999269977212	144	1	EOREOR	40	21
1741	0.7360199868679	-260	1	EOREOR	40	21
1742	0.7425000160933	1694	1	EOREOR	40	21
1743	0.65	264	1	EOREOR	40	21
1745	0.62	-24	1	EOREOR	40	21
1746	0.6368039983511	236	1	EOREOR	40	21
1750	0.65	237	1	EOREOR	40	21
1756	0.8	133	1	EOREOR	40	21
1761	0.3	6415	1	EOREOR	60	1
1762	0.235	23049	1	EOREOR	60	1
1766	0.895049983263	1090	1	EOREOR	60	6
1767	0.72	100	1	EOREOR	60	6
1768	2.727269899964	-7	1	EOREOR	60	6
1776	0.715094974637	-211	1	EOREOR	40	21
1779	1.179224985838	1038	1	EOREOR	60	6
1780	0.8557649821043	1998	1	EOREOR	60	6
1782	0.66	0	1	EOREOR	60	6
1783	0.8748999714851	184	1	EOREOR	60	6
1784	0.6997760009766	72	1	EOREOR	60	6
1785	0.81	60	1	EOREOR	60	6
1786	0.65	138	1	EOREOR	60	11
1804	0.73	20	1	EOREOR	60	6
1805	31.5	113	1	EOREOR	80	1
1806	36	7	1	EOREOR	80	1
1811	17	-5	1	EOREOR	85	1
1812	14	0	1	EOREOR	85	6
1813	2.39	0	1	EOREOR	85	6
1816	4.55	0	1	EOREOR	85	11
1835	4.67	25	1	EOREOR	87	1
1837	8.274999856949	0	1	EOREOR	87	1
1841	2.55	2	1	EOREOR	87	1
1851	17	-40	1	EOREOR	85	1
1856	1.9	108	1	EOREOR	40	1
1858	1.900043312049	101	1	EOREOR	40	1
1859	4.407422262263	0	1	EOREOR	87	11
1860	4.4074	0	1	EOREOR	87	11
1861	4.407621544075	0	1	EOREOR	87	11
1863	3.63	-7	1	EOREOR	99	1
1866	9.763	0	1	EOREOR	87	11
1868	0.9315000027418	132	1	EOREOR	87	16
1872	4.9	42	1	EOREOR	87	16
1884	16.64	0	1	EOREOR	87	16
1885	16.64	0	1	EOREOR	87	16
1892	10.79	0	1	EOREOR	87	15
1902	2.027999925613	20	1	EOREOR	87	16
1904	2.37900005579	11	1	EOREOR	87	16
1917	2.5	0	1	EOREOR	87	16
1924	1.428000068665	90	1	EOREOR	87	16
1925	1.8	181	1	EOREOR	87	16
1932	2.344186858821	-1	1	EOREOR	87	26
1933	2.386229891634	-4	1	EOREOR	87	26
1934	1.636271929562	-1	1	EOREOR	87	26
1935	2.09988245635	0	1	EOREOR	87	26
1936	4.023638174295	0	1	EOREOR	87	26
1937	3.363448043346	0	1	EOREOR	87	26
1938	1.662406967187	-8	1	EOREOR	87	26
1939	0.01136299974602	0	1	EOREOR	87	26
1941	2.2726	227	1	EOREOR	87	26
1942	1.988525	0	1	EOREOR	87	26
1943	2.886201956654	-133	1	EOREOR	87	26
1944	7.747293217945	0	1	EOREOR	87	26
1945	2	1068	1	EOREOR	87	26
1946	0.01136299974602	0	1	EOREOR	87	26
1947	1.522642037928	-12	1	EOREOR	87	26
1948	2.016932472909	-6	1	EOREOR	87	26
1949	2.011250978327	-6	1	EOREOR	87	26
1950	2.386229891634	6	1	EOREOR	87	26
1951	1.602182962072	0	1	EOREOR	87	26
1952	1.011306983745	0	1	EOREOR	87	26
1953	1.17038896749	0	1	EOREOR	87	26
1957	2.2	-36	1	EOREOR	87	26
1958	2.453271608973	-24	1	EOREOR	87	26
1959	0.4499747975618	-48	1	EOREOR	87	26
1960	1.398785239315	-18	1	EOREOR	87	26
1966	1.988525	0	1	EOREOR	87	26
1967	3.136187989163	-24	1	EOREOR	87	26
1968	2.055566717339	-138	1	EOREOR	87	26
1970	0.943128981036	0	1	EOREOR	87	26
1973	2.037385880494	18	1	EOREOR	87	26
1976	1.865804554486	6	1	EOREOR	87	26
1978	2.028295462072	0	1	EOREOR	87	26
1979	2.028295462072	12	1	EOREOR	87	26
1980	2.055566717339	-12	1	EOREOR	87	26
1981	2.52258603251	-12	1	EOREOR	87	26
1982	1.806717037928	-26	1	EOREOR	87	26
1983	3.127097706199	-30	1	EOREOR	87	26
1984	0.01136299974602	0	1	EOREOR	87	26
1985	0.01136299974602	0	1	EOREOR	87	26
1987	0.01136299974602	0	1	EOREOR	87	26
1988	2.59076396749	-15	1	EOREOR	87	26
1989	2.215785054183	-30	1	EOREOR	87	26
1990	2.441908619809	-24	1	EOREOR	87	26
1992	2.779389912701	0	1	EOREOR	87	26
1993	1.981707152319	-115	1	EOREOR	87	26
1994	2.629398076463	-6	1	EOREOR	87	26
1995	3.97705	120	1	EOREOR	87	26
1996	3.861147402167	0	1	EOREOR	87	26
1997	2.563492847681	-78	1	EOREOR	87	26
1998	1.999887989163	0	1	EOREOR	87	26
1999	4.1667	-19	1	EOREOR	87	26
2000	1.6667	3	1	EOREOR	87	26
2001	2.783935054183	-53	1	EOREOR	87	26
2002	2.266918505418	0	1	EOREOR	87	26
2003	0.001136300053971	-18	1	EOREOR	87	26
2004	2.16919674443	0	1	EOREOR	87	26
2005	1	24	1	EOREOR	87	26
2006	2.011250978327	-2	1	EOREOR	87	26
2007	0.01136299974602	0	1	EOREOR	87	26
2008	1.5	156	1	EOREOR	87	26
2009	3.066873565626	0	1	EOREOR	87	26
2010	1.162434902167	-6	1	EOREOR	87	26
2011	1.479462652016	0	1	EOREOR	87	26
2012	2.215785054183	-1	1	EOREOR	87	26
2013	2.215785054183	-6	1	EOREOR	87	26
2014	2.554402293801	0	1	EOREOR	87	26
2015	2.499860054183	0	1	EOREOR	87	26
2016	2.76689043498	48	1	EOREOR	87	26
2017	0.9988077092111	0	1	EOREOR	87	26
2018	1.930573701084	0	1	EOREOR	87	26
2019	1.104483603251	-6	1	EOREOR	87	26
2020	1.409012010837	-42	1	EOREOR	87	26
2021	1.1363	-12	1	EOREOR	87	26
2022	1.409012010837	-60	1	EOREOR	87	26
2023	1.318107962072	-12	1	EOREOR	87	26
2024	2.310097891331	6	1	EOREOR	87	26
2025	13.54469608669	-1	1	EOREOR	87	26
2026	1.662406967187	-12	1	EOREOR	87	26
2027	1.334016228175	0	1	EOREOR	87	26
2028	0.01136299974602	0	1	EOREOR	87	26
2029	0.01136299974602	-6	1	EOREOR	87	26
2030	2.180559733594	-7	1	EOREOR	87	26
2031	2.299871119809	0	1	EOREOR	87	26
2032	1.797626619506	0	1	EOREOR	87	26
2033	0.01136299974602	0	1	EOREOR	87	26
2034	2.596445597529	0	1	EOREOR	87	26
2035	2.010114760685	0	1	EOREOR	87	26
2036	2.429409413004	0	1	EOREOR	87	26
2037	0.01136299974602	606	1	EOREOR	87	26
2038	2.328278728175	-42	1	EOREOR	87	26
2039	1.5	-480	1	EOREOR	87	26
2040	1.5	-192	1	EOREOR	87	26
2041	2.281690282965	0	1	EOREOR	87	26
2042	2.281690282965	0	1	EOREOR	87	26
2043	1.1363	-24	1	EOREOR	87	26
2044	2.2726	-12	1	EOREOR	87	26
2045	0.9544919701994	0	1	EOREOR	87	26
2046	1.588547402167	0	1	EOREOR	87	26
2047	2.398729369354	-7	1	EOREOR	87	26
2048	2.373730684829	0	1	EOREOR	87	26
2049	0.001136300053971	0	1	EOREOR	87	26
2050	1.924892206502	-7	1	EOREOR	87	26
2051	0.01136299974602	-4	1	EOREOR	87	26
2052	1.933982624924	-18	1	EOREOR	87	26
2053	2.287371913004	-18	1	EOREOR	87	26
2054	3.127097706199	-30	1	EOREOR	87	26
2055	1.41696607616	0	1	EOREOR	87	26
2056	2.215785054183	0	1	EOREOR	87	26
2057	0.01136299974602	0	1	EOREOR	87	26
2058	0.01136299974602	0	1	EOREOR	87	26
2059	0.7874559211314	-5	1	EOREOR	87	26
2060	0.7874559211314	0	1	EOREOR	87	26
2061	1.30901754365	0	1	EOREOR	87	26
2062	1.990797570741	360	1	EOREOR	87	26
2063	1.70445	-24	1	EOREOR	87	26
2064	3.148687195969	-75	1	EOREOR	87	26
2065	2.462362162852	-209	1	EOREOR	87	26
2066	2.145334413004	-7	1	EOREOR	87	26
2067	2.145334413004	0	1	EOREOR	87	26
2068	2.145334413004	-9	1	EOREOR	87	26
2069	2.145334413004	-4	1	EOREOR	87	26
2070	2.145334413004	0	1	EOREOR	87	26
2071	4.212264119506	-122	1	EOREOR	87	26
2072	4.21794547863	24	1	EOREOR	87	26
2073	0.01136299974602	0	1	EOREOR	87	26
2074	1.708995141482	-10	1	EOREOR	87	26
2075	1.680587668574	-6	1	EOREOR	87	26
2076	1.852168994582	0	1	EOREOR	87	26
2077	1.990797570741	0	1	EOREOR	87	26
2078	1.818080027092	0	1	EOREOR	87	26
2079	1.124937010837	-324	1	EOREOR	87	26
2080	2.045339945817	-186	1	EOREOR	87	26
2081	1.409012010837	-284	1	EOREOR	87	26
2082	2.154424831426	0	1	EOREOR	87	26
2083	1.623772722757	0	1	EOREOR	87	26
2084	0.01136299974602	0	1	EOREOR	87	26
2085	1.689678086996	-36	1	EOREOR	87	26
2086	1.680587668574	-51	1	EOREOR	87	26
2087	3.282770630646	-255	1	EOREOR	87	26
2088	1.490825641179	0	1	EOREOR	87	26
2089	2.113518016255	-133	1	EOREOR	87	26
2090	2.113518016255	-31	1	EOREOR	87	26
2091	1.655589119506	6	1	EOREOR	87	26
2092	4.5452	-1	1	EOREOR	87	26
2093	1.818080027092	0	1	EOREOR	87	26
2094	2.01920504365	0	1	EOREOR	87	26
2095	2.06238456502	0	1	EOREOR	87	26
2096	1.708995141482	0	1	EOREOR	87	26
2097	1.935118842566	0	1	EOREOR	87	26
2098	2.162378896749	0	1	EOREOR	87	26
2099	1.933982624924	36	1	EOREOR	87	26
2100	1.874894972909	0	1	EOREOR	87	26
2101	1.624999940395	0	1	EOREOR	87	26
2102	1.10221103251	0	1	EOREOR	87	26
2104	1.374923043346	66	1	EOREOR	87	26
2105	1.92034706502	66	1	EOREOR	87	26
2106	2.666895967794	0	1	EOREOR	87	26
2107	1.5	648	1	EOREOR	87	26
2108	2.84075	-5	1	EOREOR	87	26
2110	2.028295462072	-8	1	EOREOR	87	26
2111	2.215785054183	-28	1	EOREOR	87	26
2112	3.014604032207	0	1	EOREOR	87	26
2113	0.9658550270915	492	1	EOREOR	87	26
2114	1.649907624924	-78	1	EOREOR	87	26
2116	0.9658550270915	-13	1	EOREOR	87	26
2117	1.340833940399	-105	1	EOREOR	87	26
2119	0.943128981036	816	1	EOREOR	87	26
2120	1.658998043346	1040	1	EOREOR	87	26
2122	1.643089777243	-6	1	EOREOR	87	26
2123	1.643089777243	70	1	EOREOR	87	26
2124	1.861259413004	0	1	EOREOR	87	26
2125	2.596445597529	0	1	EOREOR	87	26
2127	2.385093673992	77	1	EOREOR	87	26
2128	1.643089777243	0	1	EOREOR	87	26
2129	1.797626619506	0	1	EOREOR	87	26
2130	1.374923043346	0	1	EOREOR	87	26
2131	1.1363	0	1	EOREOR	87	26
2132	2.103291244733	60	1	EOREOR	87	26
2135	0.01136299974602	0	1	EOREOR	87	26
2136	0.01136299974602	5	1	EOREOR	87	26
2137	1.840806005418	0	1	EOREOR	87	26
2138	1.840806005418	42	1	EOREOR	87	26
2139	1.178343032813	0	1	EOREOR	87	26
2140	1.832851940095	0	1	EOREOR	87	26
2141	2.568037989163	-13	1	EOREOR	87	26
2144	3.113280057907	0	1	EOREOR	87	26
2145	1.765810222757	-12	1	EOREOR	87	26
2146	2.953243673992	6	1	EOREOR	87	26
2147	0.01136299974602	85	1	EOREOR	87	26
2148	1.980570934677	-65	1	EOREOR	87	26
2149	2.563492847681	-31	1	EOREOR	87	26
2153	1.87716754365	0	1	EOREOR	87	26
2154	0.01136299974602	0	1	EOREOR	87	26
2155	1.70445	0	1	EOREOR	87	26
2156	2.121472081578	0	1	EOREOR	87	26
2157	2.196467864239	0	1	EOREOR	87	26
2158	1.805580684829	0	1	EOREOR	87	26
2159	1.116982877785	-108	1	EOREOR	87	26
2160	2.2726	6	1	EOREOR	87	26
2161	1.229476619506	0	1	EOREOR	87	26
2162	1.405603086996	-6	1	EOREOR	87	26
2163	1.060167931968	0	1	EOREOR	87	26
2165	2.510086825705	0	1	EOREOR	87	26
2166	0.01136299974602	0	1	EOREOR	87	26
2167	0.01136299974602	0	1	EOREOR	87	26
2168	0.01136299974602	0	1	EOREOR	87	26
2169	2.708939271522	-6	1	EOREOR	87	26
2170	2.190786369658	0	1	EOREOR	87	26
2171	1.126073296207	-12	1	EOREOR	87	26
2172	31.08	5	1	EOREOR	87	31
2173	29.9	11	1	EOREOR	87	31
2174	29.9	9	1	EOREOR	87	31
2176	41.6667	-7	1	EOREOR	91	6
2177	47.5	0	1	EOREOR	91	6
2178	0.3624999895692	0	1	EOREOR	87	16
2179	8.45	-1	1	EOREOR	87	16
2180	2	6	1	EOREOR	87	26
2181	8.3334	9	1	EOREOR	87	6
2182	10	0	1	EOREOR	87	6
2183	8	-1	1	EOREOR	87	6
2184	4	0	1	EOREOR	87	26
2185	1	12	1	EOREOR	87	26
2186	2.333379960263	0	1	EOREOR	87	26
2187	39.1667	0	1	EOREOR	91	6
2188	8.3334	0	1	EOREOR	91	6
2189	39.1667	0	1	EOREOR	91	6
2190	2	-30	1	EOREOR	87	26
2191	43.75	0	1	EOREOR	87	26
2192	2.5	360	1	EOREOR	87	26
2194	8.3334	0	1	EOREOR	91	6
2196	2.5	0	1	EOREOR	87	11
2197	2.1875	0	1	EOREOR	87	11
2198	12.5	0	1	EOREOR	91	6
2199	2.5	0	1	EOREOR	87	11
2200	2.5	0	1	EOREOR	87	11
2201	2.249999940395	0	1	EOREOR	87	11
2202	2.249999940395	0	1	EOREOR	87	11
2203	3.125	0	1	EOREOR	87	11
2204	903.45	-2	1	EOREOR	89	6
2205	1142.5	0	1	EOREOR	89	6
2206	38.95	0	1	EOREOR	89	6
2207	80.3	0	1	EOREOR	89	6
2208	80.3	0	1	EOREOR	89	6
2209	129.13	-2	1	EOREOR	89	6
2210	641.1666	-2	1	EOREOR	89	6
2211	1.087	-1	1	EOREOR	89	6
2212	118.55	0	1	EOREOR	89	6
2213	115.95	-1	1	EOREOR	89	6
2214	76	0	1	EOREOR	89	6
2215	3027.36	0	1	EOREOR	89	6
2216	1275.58	0	1	EOREOR	89	7
2217	104.4	-3	1	EOREOR	89	6
2218	1.28	-3	1	EOREOR	89	6
2219	20.9	0	1	EOREOR	89	6
2220	1890	0	1	EOREOR	89	6
2222	1722.5	0	1	EOREOR	89	6
2223	231.609992981	5	1	EOREOR	89	6
2224	2500	0	1	EOREOR	89	6
2225	12508.92	-2	1	EOREOR	89	6
2233	244.47	-1	1	EOREOR	89	6
2234	81.14	0	1	EOREOR	89	6
2242	82.69	16	1	EOREOR	89	7
2244	50	-2	1	EOREOR	89	6
2245	211	0	1	EOREOR	89	6
2247	1032.7	0	1	EOREOR	89	7
2248	1113	0	1	EOREOR	89	7
2250	6.2	-12	1	EOREOR	89	6
2251	2533.95	0	1	EOREOR	89	6
2252	5.1666	-24	1	EOREOR	89	6
2253	9.2	-3	1	EOREOR	89	6
2254	16.09	-1	1	EOREOR	89	6
2255	140	0	1	EOREOR	91	1
2256	83.3334	-4	1	EOREOR	91	1
2257	150.65	-1	1	EOREOR	89	6
2258	41.6667	-62	1	EOREOR	91	1
2259	20.6	-44	1	EOREOR	91	1
2260	41.6675	0	1	EOREOR	91	1
2262	41.667	0	1	EOREOR	91	1
2264	8.3233	-24	1	EOREOR	91	6
2265	79.584	0	1	EOREOR	91	6
2266	189.6	0	1	EOREOR	91	6
2267	8.334	-2	1	EOREOR	91	6
2268	62.5	0	1	EOREOR	91	6
2269	410.8333	-1	1	EOREOR	91	6
2270	1.25	-226	1	EOREOR	91	6
2271	8.3334	24	1	EOREOR	91	6
2272	25	21	1	EOREOR	91	1
2273	20.8333	-10	1	EOREOR	91	6
2275	16.6666	-13	1	EOREOR	91	6
2276	20.8333	-6	1	EOREOR	91	6
2277	20.8333	-139	1	EOREOR	91	6
2278	350	-4	1	EOREOR	91	6
2279	1.6666	-59	1	EOREOR	91	6
2280	1.6666	-15	1	EOREOR	91	6
2281	130	-33	1	EOREOR	91	6
2285	25	-3	1	EOREOR	91	16
2286	45	-153	1	EOREOR	91	16
2294	130	-69	1	EOREOR	91	6
2295	130	-68	1	EOREOR	91	6
2296	130	-2	1	EOREOR	91	6
2304	33.1	5	1	EOREOR	1	2
2308	23.7841	9	1	EOREOR	1	8
2313	32.9815	4	1	EOREOR	1	29
2318	17.5	18	1	EOREOR	1	41
2324	15.0652	0	1	EOREOR	1	50
2331	29.7405	0	1	EOREOR	1	56
2349	36.7975	0	1	EOREOR	1	65
2356	5.3	2	1	EOREOR	10	73
2358	5.2504	55	1	EOREOR	10	5
2359	5.4	1	1	EOREOR	11	5
2360	5.4	86	1	EOREOR	11	10
2361	5.5	85	1	EOREOR	11	10
2363	21.5	15	1	EOREOR	11	7
2364	21.5	18	1	EOREOR	11	7
2365	0.25	0	1	EOREOR	87	42
2367	5.5	3	1	EOREOR	10	11
2374	7.5	27	1	EOREOR	11	78
2376	18.9	24	1	EOREOR	11	81
2377	19.5	17	1	EOREOR	11	81
2378	23	42	1	EOREOR	11	81
2379	18.9	18	1	EOREOR	10	85
2380	11.7	1	1	EOREOR	11	81
2403	4.5722	300	1	EOREOR	20	1
2425	2.76	0	1	EOREOR	20	1
2426	3.549420022965	0	1	EOREOR	20	2
2445	0.55	810	0	EOREOR	20	8
2447	2.04957606554	2	1	EOREOR	20	9
2448	2.087525947094	0	1	EOREOR	20	9
2464	19.9	27	1	EOREOR	1	41
2465	2.187036059403	49	1	EOREOR	20	10
2551	4.579112150669	0	1	EOREOR	20	12
2552	3.782924852371	3	1	EOREOR	20	12
2553	5.501979002953	10	1	EOREOR	20	12
2558	5.662979865074	69	1	EOREOR	20	14
2559	3.095119905472	154	1	EOREOR	20	14
2560	3.796931991577	132	1	EOREOR	20	14
2563	7.536977210045	12	1	EOREOR	20	15
2568	9.54074819088	209	1	EOREOR	20	15
2569	12.3	-1	1	EOREOR	20	15
2604	8.98743	26	1	EOREOR	20	12
2606	15.754	19	1	EOREOR	20	15
2609	20.8334	0	1	EOREOR	91	1
2629	4.615	59	1	EOREOR	87	16
2630	4.9	42	1	EOREOR	87	16
2631	5.1	53	1	EOREOR	87	16
2648	130	-2	1	EOREOR	91	6
2649	130	-17	1	EOREOR	91	6
2681	8.5	5	1	EOREOR	10	91
2689	2.347375005484	0	1	EOREOR	20	10
2696	1.908060021401	64	1	EOREOR	20	10
2697	2.018940008879	1	1	EOREOR	20	10
2709	3.75	45	1	EOREOR	20	3
2798	45	2	1	EOREOR	91	1
2818	25	5	1	EOREOR	91	1
2836	6.25	20	1	EOREOR	20	2
2870	16.6667	-5	1	EOREOR	91	21
2880	80	-1	1	EOREOR	89	6
2889	4.1666	-10	1	EOREOR	89	6
2895	0.75	0	1	EOREOR	87	16
2896	0.8	0	1	EOREOR	87	16
2897	0.7	0	1	EOREOR	87	16
2900	0.85	0	1	EOREOR	87	16
2903	139.44	25	1	EOREOR	89	7
2904	80.51	-2	1	EOREOR	89	7
2932	8.4	-7	1	EOREOR	91	1
2934	3.6	-6	1	EOREOR	91	1
2939	2.4	-14	1	EOREOR	91	1
2943	132.52	-1	1	EOREOR	89	6
2946	807.2428	0	1	EOREOR	89	7
2960	33.33	0	1	EOREOR	91	6
2963	41.6666	-30	1	EOREOR	91	16
2970	3.2	-6	1	EOREOR	91	1
2972	4.454999935627	199	1	EOREOR	11	10
2978	3.2535	232	1	EOREOR	20	25
2987	3200	-1	1	EOREOR	89	6
2989	1.988976073265	0	1	EOREOR	20	10
3021	3.8	0	1	EOREOR	20	2
3113	6	30	1	EOREOR	20	1
3119	5.362875115871	0	1	EOREOR	20	2
3139	6.267239713669	58	1	EOREOR	20	14
3145	3.4	255	1	EOREOR	20	3
3164	1730	-1	1	EOREOR	89	6
3165	4.6	4	1	EOREOR	87	16
3172	20.1	53	1	EOREOR	11	81
3179	26.55	20	1	EOREOR	20	4
3216	95	0	1	EOREOR	89	6
3217	114.78	0	1	EOREOR	89	6
3249	1256.46	0	1	EOREOR	89	7
3250	1390.33	0	1	EOREOR	89	7
3251	1948.39	0	1	EOREOR	89	7
3252	1967.51	-1	1	EOREOR	89	7
3273	1386.5	0	1	EOREOR	89	7
3274	1510.81	0	1	EOREOR	89	7
3275	1798.34	0	1	EOREOR	89	7
3276	2046.29	0	1	EOREOR	89	7
3277	80.51	0	1	EOREOR	89	7
3278	121	22	1	EOREOR	89	7
3279	53.81	0	1	EOREOR	89	7
3280	52.17	0	1	EOREOR	89	7
3281	53.81	0	1	EOREOR	89	7
3297	74.2	-1	1	EOREOR	89	7
3298	84.53	0	1	EOREOR	89	7
3304	4.2	160	1	EOREOR	20	2
3305	4.2	20	1	EOREOR	20	2
3388	22.9	0	1	EOREOR	89	6
3398	4.109699885845	0	1	EOREOR	20	1
3411	2.027718038559	45	1	EOREOR	20	10
3418	20.6	4	1	EOREOR	1	38
3423	16.5	0	1	EOREOR	89	6
3433	130	0	1	EOREOR	89	7
3434	98.99	0	1	EOREOR	89	6
3435	21.84	0	1	EOREOR	89	6
3436	25	0	1	EOREOR	89	6
3470	3.570599899292	2	1	EOREOR	20	10
3487	36.139	0	1	EOREOR	89	6
3488	40.52	0	1	EOREOR	89	6
3529	5.090400085449	0	1	EOREOR	20	2
3538	42	0	1	EOREOR	1	2
3553	28.55	27	1	EOREOR	20	4
3562	2.874999940395	0	1	EOREOR	87	11
3563	4.375	0	1	EOREOR	87	11
3564	3.000000119209	0	1	EOREOR	87	11
3585	5.45	20	1	EOREOR	20	2
3586	5.65	20	0	EOREOR	20	2
3587	2.055566717339	24	1	EOREOR	87	26
3669	1484.956151123	0	1	EOREOR	89	7
3670	6.5	0	1	EOREOR	87	26
3678	138.76	-7	1	EOREOR	89	7
3697	5.636875033379	0	1	EOREOR	20	2
3738	6	297	1	EOREOR	87	2
3754	10.75	0	1	EOREOR	87	26
3762	3.294000077248	-3	1	EOREOR	20	25
3763	363.3334	0	1	EOREOR	89	6
3764	249.17	0	1	EOREOR	89	6
3765	749.17	0	1	EOREOR	89	6
3766	145	0	1	EOREOR	89	6
3773	305	0	1	EOREOR	91	1
3784	6.816859941483	0	1	EOREOR	20	2
3794	0.95	264	1	EOREOR	40	6
3797	0.5	0	1	EOREOR	87	16
3830	3.4	510	1	EOREOR	20	1
3831	2499.17	0	1	EOREOR	89	6
3833	4.467450094223	0	1	EOREOR	20	1
3834	389	0	1	EOREOR	89	6
3836	24.75	12	1	EOREOR	10	84
3849	6.27440782547	43	1	EOREOR	20	14
3863	294.96	0	1	EOREOR	89	6
3864	82.9	0	1	EOREOR	89	6
3866	4.2	30	1	EOREOR	20	3
3883	9.05	7	1	EOREOR	1	41
3896	1.066500028968	8	1	EOREOR	20	9
3901	11.01725024223	11	0	EOREOR	20	15
3905	7	0	1	EOREOR	89	6
3906	18.33	0	1	EOREOR	89	6
3907	244.96	0	1	EOREOR	89	6
3908	3.9	0	1	EOREOR	89	6
3909	125.62	0	1	EOREOR	89	6
3910	79.64	-2	1	EOREOR	89	7
3911	79.64	-4	1	EOREOR	89	7
3912	2.473200023174	0	1	EOREOR	10	15
3936	8.3334	0	1	EOREOR	91	6
3944	4.295590090752	480	1	EOREOR	20	2
3975	780.9	0	1	EOREOR	89	6
3976	952.66	0	1	EOREOR	89	6
3977	4.0832	117	1	EOREOR	87	16
3979	4.832820858955	29	1	EOREOR	20	15
3983	10.5	0	1	EOREOR	1	41
3992	3.825764966011	60	1	EOREOR	20	15
3995	21.1	4	1	EOREOR	1	5
3997	2	0	1	EOREOR	87	26
4004	6.45	129	1	EOREOR	10	91
4012	4.892534959316	60	1	EOREOR	20	15
4013	4.332689917088	23	1	EOREOR	20	15
4022	2.187000006437	487	1	EOREOR	20	25
4029	3.247847886086	120	0	EOREOR	20	1
4036	2.02000402689	8	1	EOREOR	20	25
4047	3.9	0	1	EOREOR	20	2
4048	0.6843150168657	168	1	EOREOR	40	21
4056	2.239650052786	3	1	EOREOR	20	10
4066	4.1	480	1	EOREOR	20	2
4067	9.541256275177	215	1	EOREOR	20	15
4080	5.129999935627	0	1	EOREOR	11	61
4084	123.66	0	1	EOREOR	89	6
4085	132.97	0	1	EOREOR	89	6
4102	2.619000077248	269	1	EOREOR	20	25
4112	3.59	0	1	EOREOR	89	6
4113	3.65	0	1	EOREOR	89	6
4115	1.144493985176	82	1	EOREOR	20	9
4116	1.059404002428	0	1	EOREOR	20	9
4119	36	0	1	EOREOR	1	38
4120	30.9	0	1	EOREOR	1	38
4141	0.7	0	1	EOREOR	87	26
4143	150.37	0	1	EOREOR	89	6
4145	1091.5	0	1	EOREOR	89	6
4147	51.5	1	1	EOREOR	89	7
4164	16.42	0	1	EOREOR	89	6
4185	3.289299890995	0	1	EOREOR	20	10
4196	576.76	0	1	EOREOR	89	6
4197	29.8	0	1	EOREOR	89	6
4198	2633	0	1	EOREOR	89	6
4199	129.5	0	1	EOREOR	89	6
4217	3.28	1140	1	EOREOR	35	1
4218	1.762964969873	334	1	EOREOR	35	5
4225	4.63	30	0	EOREOR	20	1
4227	2519	-1	1	EOREOR	89	6
4228	2519	0	1	EOREOR	89	6
4229	1471.35	-1	1	EOREOR	89	6
4230	244.47	1	1	EOREOR	89	6
4231	1774.24	0	1	EOREOR	89	6
4232	65.57	0	1	EOREOR	89	6
4240	3.73	680	1	EOREOR	20	2
4242	4.84509999752	0	1	EOREOR	20	1
4252	2.806299860477	0	0	EOREOR	20	25
4253	132.52	-1	1	EOREOR	89	6
4254	1774.24	0	1	EOREOR	89	6
4256	123.6	1	1	EOREOR	89	7
4258	123.6	1	1	EOREOR	89	7
4259	123.6	1	1	EOREOR	89	7
4260	4065	0	1	EOREOR	89	6
4275	1.782998018265	26	1	EOREOR	20	10
4284	1902	0	1	EOREOR	89	6
4285	244.47	1	1	EOREOR	89	6
4286	1327.84	-1	1	EOREOR	89	6
4319	1023.44	0	1	EOREOR	89	6
4320	3.582479939461	72	1	EOREOR	20	12
4329	4.965576066971	48	1	EOREOR	20	12
4333	10.02685496807	15	1	EOREOR	20	15
4334	8.013852310181	10	1	EOREOR	20	15
4337	4.684500038624	44	1	EOREOR	11	61
4338	4.684500038624	0	1	EOREOR	10	61
4339	4.684499716759	87	1	EOREOR	11	61
4340	6.655499768257	5	1	EOREOR	11	61
4342	7.708500051498	4	1	EOREOR	11	61
4343	6.655499768257	0	1	EOREOR	11	61
4344	3.955500090122	111	1	EOREOR	11	7
4345	3.996000051498	53	1	EOREOR	11	7
4346	3.955500090122	36	1	EOREOR	11	7
4362	1.02095300436	-2	1	EOREOR	87	1
4363	21.29	0	1	EOREOR	89	6
4364	111.38	-1	1	EOREOR	89	6
4375	1600	1	1	EOREOR	89	6
4376	1661	-1	1	EOREOR	89	6
4401	3.818368506432	0	1	EOREOR	20	2
4404	2.324609971046	5	1	EOREOR	20	9
4406	3.122940015793	67	1	EOREOR	20	9
4407	2.975279860497	154	1	EOREOR	20	9
4409	1.928135983944	0	1	EOREOR	20	9
4428	7.340100073814	1	0	EOREOR	20	10
4439	72.09	0	1	EOREOR	89	7
4440	4.21686000824	-6	1	EOREOR	20	14
4444	2.20221397996	2	1	EOREOR	20	25
4449	9.45	15	1	EOREOR	10	92
4450	350	0	1	EOREOR	91	1
4458	2.112000031471	8	1	EOREOR	20	10
4460	3.103289151192	48	0	EOREOR	20	10
4466	3.78345113039	32	1	EOREOR	20	15
4491	17.5	4	1	EOREOR	1	26
4494	9	18	0	EOREOR	87	1
4495	3.9	75	1	EOREOR	20	3
4527	3.9	-30	1	EOREOR	20	3
4528	45.8	2	1	EOREOR	1	62
4537	0.7681249827147	24	1	EOREOR	87	26
4542	5.765099773407	10	1	EOREOR	20	15
4543	5.064119946957	61	1	EOREOR	20	15
4560	2.500399993658	0	1	EOREOR	20	25
4562	2.806299860477	0	1	EOREOR	20	25
4564	1.8	2160	1	EOREOR	87	26
4581	0.25	0	1	EOREOR	91	1
4582	0.1	0	1	EOREOR	91	1
4584	1.8	24	1	EOREOR	87	26
4585	2.025270044804	253	1	EOREOR	20	10
4598	3.490559864044	80	1	EOREOR	20	25
4614	1.953600025177	20	1	EOREOR	20	25
4619	4.402299923897	0	1	EOREOR	20	10
4620	2.507999968529	0	0	EOREOR	20	10
4633	4.898179864883	60	1	EOREOR	20	14
4634	4.596339845657	37	1	EOREOR	20	14
4640	4.95	4	1	EOREOR	10	4
4641	6	0	1	EOREOR	10	4
4642	4.4	0	1	EOREOR	10	4
4643	4.4	0	1	EOREOR	10	4
4647	21.92	0	1	EOREOR	20	4
4654	7.85000026226	7	1	EOREOR	87	15
4655	2.405000030994	0	1	EOREOR	87	15
4657	6.825	0	1	EOREOR	87	16
4658	5.004999876022	0	1	EOREOR	87	15
4660	5.004999876022	0	1	EOREOR	87	15
4661	4.719000148773	36	1	EOREOR	87	16
4662	13.71500024796	0	1	EOREOR	87	16
4663	3.250030106878	0	1	EOREOR	87	15
4669	30	16	1	EOREOR	20	4
4676	2.1	0	1	EOREOR	91	1
4677	10.99	0	1	EOREOR	1	5
4678	2.248985971212	0	1	EOREOR	20	10
4693	4.875000119209	8	1	EOREOR	10	92
4694	4.875000119209	28	1	EOREOR	10	94
4707	1.503630065918	68	1	EOREOR	20	10
4708	3.093255078793	28	1	EOREOR	20	15
4710	6.187499761581	1	1	EOREOR	10	94
4712	3.75	5	1	EOREOR	10	92
4714	3.75	18	1	EOREOR	10	92
4715	6.411999893189	1	1	EOREOR	10	90
4719	1.219049990773	36	1	EOREOR	20	10
4720	2.107775959969	18	0	EOREOR	20	10
4723	39.9	-5	1	EOREOR	1	63
4740	14.50000047684	0	1	EOREOR	87	15
4741	17.1624994278	0	1	EOREOR	87	15
4742	16.31250023842	2	1	EOREOR	87	15
4743	17.1624994278	0	1	EOREOR	87	15
4744	15.83750009537	1	1	EOREOR	87	15
4745	7.1	1	1	EOREOR	87	16
4747	20.99999904633	0	1	EOREOR	87	16
4750	25.98	1	1	EOREOR	1	56
4752	21.5	0	1	EOREOR	1	38
4755	5.351580047607	0	1	EOREOR	20	1
4758	3.760899853706	28	1	EOREOR	20	12
4771	10.15389945984	-2	1	EOREOR	1	5
4774	10.5	45	1	EOREOR	1	38
4775	23.6	3	1	EOREOR	1	2
4776	12.4	25	1	EOREOR	1	35
4777	13	0	1	EOREOR	1	63
4790	100	0	1	EOREOR	91	1
4791	2.61	0	1	EOREOR	20	1
4798	2.112000031471	52	0	EOREOR	20	25
4799	1.776580047607	0	0	EOREOR	20	25
4800	1.776580047607	0	1	EOREOR	20	25
4803	1.776580047607	0	0	EOREOR	20	25
4804	1.776580047607	0	1	EOREOR	20	25
4824	2.313800096512	16	1	EOREOR	20	25
4840	3.312500119209	0	1	EOREOR	85	10
4842	3.400000035763	0	1	EOREOR	85	10
4843	2.512499988079	0	1	EOREOR	85	10
4845	5.27499973774	0	1	EOREOR	85	10
4846	2.5	0	1	EOREOR	85	10
4861	2.699899961948	0	1	EOREOR	20	25
4862	4.373040008545	39	1	EOREOR	20	15
4863	1.768469974995	0	1	EOREOR	20	9
4876	12.6	0	1	EOREOR	1	35
4881	24.80400089264	2	1	EOREOR	1	50
4886	1.092132021189	252	1	EOREOR	40	16
4887	23.02800064087	4	1	EOREOR	1	2
4888	22.9	0	1	EOREOR	1	2
4889	1.092269961834	497	1	EOREOR	40	16
4893	22.5	0	1	EOREOR	1	41
4894	8.45	6	1	EOREOR	1	14
4895	8.45	16	1	EOREOR	1	14
4896	6.8	18	1	EOREOR	11	78
4910	3.587999987602	0	1	EOREOR	50	11
4911	4.10800011158	0	1	EOREOR	50	11
4920	1.39	0	1	EOREOR	50	6
4947	4.725	57	1	EOREOR	11	7
4995	2.09	-510	1	EOREOR	20	1
5004	1.848749965429	84	1	EOREOR	87	26
5012	52	1	1	EOREOR	10	86
5014	14.93749976158	1	1	EOREOR	87	15
5033	2.415960019827	135	1	EOREOR	20	10
5046	24.7	13	1	EOREOR	1	2
5062	14.45661005974	4	1	EOREOR	20	16
5072	5.1	0	1	EOREOR	87	16
5073	14.1	0	1	EOREOR	87	16
5074	8.815209298468	0	1	EOREOR	85	1
5075	14.8	0	1	EOREOR	87	16
5076	11.8	0	1	EOREOR	87	16
5079	3.317999839783	0	1	EOREOR	87	16
5080	14.09234724999	0	1	EOREOR	20	16
5095	6.385499753952	0	1	EOREOR	20	13
5107	5.1	16	1	EOREOR	85	1
5108	5.1	-3	1	EOREOR	85	1
5109	1.110000014305	-10	1	EOREOR	87	16
5112	1.574999928474	40	1	EOREOR	87	16
5113	1.762499958277	42	1	EOREOR	87	16
5114	7.679999828339	0	1	EOREOR	87	16
5139	2.776274943352	84	1	EOREOR	20	25
5153	3.5	0	1	EOREOR	87	16
5154	4	0	1	EOREOR	87	16
5155	4.5	0	1	EOREOR	87	16
5164	1.869345080853	74	1	EOREOR	30	5
5181	3.737500011921	0	1	EOREOR	87	11
5182	3.737500011921	0	1	EOREOR	87	11
5183	3.737500011921	0	1	EOREOR	87	11
5184	3.737500011921	0	1	EOREOR	87	11
5185	5.612499713898	0	1	EOREOR	87	11
5186	5.612499713898	0	1	EOREOR	87	11
5187	4.412499964237	0	1	EOREOR	87	11
5188	4.412499964237	0	1	EOREOR	87	11
5189	4.162499904633	0	1	EOREOR	87	11
5190	4.162499904633	0	1	EOREOR	87	11
5191	3.125	0	1	EOREOR	87	11
5192	3.125	0	1	EOREOR	87	11
5200	1.977492055893	0	1	EOREOR	20	10
5203	2.088108000755	0	1	EOREOR	20	10
5205	3.840143938065	0	1	EOREOR	20	15
5207	3.598841907978	39	1	EOREOR	20	15
5208	2.881473047733	3	1	EOREOR	20	10
5210	4.613684921265	0	1	EOREOR	20	12
5212	5.06621696949	0	1	EOREOR	20	12
5247	2.656499934197	0	0	EOREOR	20	25
5254	3.812130117416	22	1	EOREOR	20	15
5255	3.812130117416	41	1	EOREOR	20	15
5258	140	0	1	EOREOR	91	1
5267	1298.7	1	0	EOREOR	89	0
5268	1.606365054846	66	1	EOREOR	20	10
5269	3.305980856419	20	1	EOREOR	20	15
5271	1.710584968329	0	1	EOREOR	20	10
5273	2.910438859463	35	1	EOREOR	20	10
5274	3.522372090817	76	1	EOREOR	20	10
5275	1.915200076103	35	1	EOREOR	87	21
5276	2.456999981403	28	1	EOREOR	87	21
5277	1.98	17	1	EOREOR	87	21
5278	2.008299987316	18	1	EOREOR	87	21
5285	3.721949958801	70	1	EOREOR	20	15
5287	26.18550052643	5	1	EOREOR	1	50
5298	65.9	0	1	EOREOR	1	63
5300	20.9	10	1	EOREOR	1	38
5304	33.2975	1	1	EOREOR	1	50
5306	41.68735809326	1	1	EOREOR	1	2
5310	26.18550052643	4	1	EOREOR	1	50
5313	29.8	1	1	EOREOR	1	5
5319	23.805	2	1	EOREOR	1	62
5324	3.742470145226	23	1	EOREOR	20	15
5325	3.677981910706	18	1	EOREOR	20	15
5326	29.22308940888	0	1	EOREOR	10	23
5327	12.64808940888	16	1	EOREOR	10	23
5333	39.36309089661	3	1	EOREOR	10	37
5335	5.173090028763	23	1	EOREOR	10	15
5340	43.71808891296	-1	1	EOREOR	10	23
5345	5.076000022888	8	1	EOREOR	87	26
5348	28.87500047684	0	1	EOREOR	87	16
5349	15.53499975205	1	1	EOREOR	87	15
5350	8.202999925613	0	1	EOREOR	87	16
5370	1.88340004921	0	1	EOREOR	20	13
5394	1.092269961834	370	1	EOREOR	40	16
5398	3.325454986095	42	1	EOREOR	20	15
5401	40	-2	1	EOREOR	93	0
5402	54	24	1	EOREOR	89	6
5403	45	22	1	EOREOR	89	6
5404	130	6	1	EOREOR	89	6
5405	135	6	1	EOREOR	89	6
5411	13	2	1	EOREOR	1	35
5417	2.7023625	-3	1	EOREOR	40	11
5419	2	-36	1	EOREOR	13	0
5420	2.708354966015	-34	1	EOREOR	40	11
5421	2.674819966435	-1	1	EOREOR	40	11
5422	2.185216964877	-11	1	EOREOR	40	16
5423	2.457961184073	-2	1	EOREOR	40	16
5424	2.457989934886	0	1	EOREOR	40	16
5429	2.025	38	1	EOREOR	20	25
5430	4.490878036022	180	1	EOREOR	20	1
5431	4.594094667149	0	1	EOREOR	20	1
5435	2	0	1	EOREOR	13	0
5451	2.75	2010	1	EOREOR	20	1
5454	3.13819984436	0	1	EOREOR	20	10
5463	12.7874994278	1	1	EOREOR	87	11
5468	1.961699926853	50	1	EOREOR	87	2
5470	5.407999801636	0	1	EOREOR	85	6
5496	46.6	1	1	EOREOR	1	2
5499	2.6	0	1	EOREOR	20	1
5501	0.706629011035	-60	0	EOREOR	20	10
5510	5.243648071289	-30	1	EOREOR	20	1
5521	3.242673010826	0	1	EOREOR	20	15
5527	41.6675	0	1	EOREOR	91	21
5530	1.059940011501	0	1	EOREOR	20	9
5535	3.515637094975	10	1	EOREOR	20	10
5536	3.76409111023	0	1	EOREOR	20	10
5546	2.473800019026	0	1	EOREOR	20	25
5547	2.606800050736	0	1	EOREOR	20	25
5570	1.116000008583	24	1	EOREOR	87	11
5574	2.386500030756	0	0	EOREOR	20	25
5578	3.225	0	1	EOREOR	20	25
5617	0.729950016737	118	1	EOREOR	10	78
5619	8	0	1	EOREOR	87	11
5624	4.379310035706	0	1	EOREOR	20	1
5625	4.05	0	1	EOREOR	20	1
5635	23	1	1	EOREOR	1	38
5636	86.06400146484	2	1	EOREOR	1	2
5637	16	3	1	EOREOR	1	41
5655	26	0	1	EOREOR	1	2
5659	0.2	0	1	EOREOR	91	1
5660	0.2	0	1	EOREOR	91	1
5669	5.5	150	1	EOREOR	20	1
5673	15.00026895042	-2	1	EOREOR	99	1
5695	1.6	-176	1	EOREOR	20	20
5696	2.5	-131	1	EOREOR	20	20
5697	1	-2	1	EOREOR	99	0
5698	2.5	0	1	EOREOR	13	0
5706	3.304140043259	0	1	EOREOR	20	1
5716	20.99999904633	23	1	EOREOR	10	73
5717	13.68749976158	21	1	EOREOR	10	73
5718	20.6	17	1	EOREOR	10	73
5720	4.379310035706	960	1	EOREOR	20	1
5724	2.336706072092	86	1	EOREOR	20	25
5733	13.6	46	1	EOREOR	1	2
5743	6.99600025177	71	1	EOREOR	11	79
5744	7.912800264359	5	1	EOREOR	11	79
5745	9.247499871254	24	1	EOREOR	11	79
5746	9.815000247955	31	1	EOREOR	10	79
5793	3.650699901581	6	1	EOREOR	20	12
5795	1.747691981792	0	1	EOREOR	20	10
5800	4.838540015221	0	1	EOREOR	20	2
5801	1.526393940449	48	1	EOREOR	20	9
5802	1.571957938671	177	1	EOREOR	20	9
5806	1.737578001022	0	0	EOREOR	20	22
5809	3.353840112686	60	1	EOREOR	20	23
5825	2.61	630	1	EOREOR	20	1
5830	2.038499987125	14	1	EOREOR	87	21
5831	2.065499961376	5	1	EOREOR	87	21
5875	13.84127998352	29	1	EOREOR	20	15
5876	1.626054031849	24	1	EOREOR	20	9
5878	20.83	1	1	EOREOR	87	11
5880	15.2	29	1	EOREOR	1	2
5881	3.416250050068	0	1	EOREOR	87	11
5882	0.72	720	1	EOREOR	87	11
5883	3.5	0	1	EOREOR	87	11
5885	1.77	0	1	EOREOR	87	11
5886	1.5	0	1	EOREOR	87	11
5887	1.77	0	1	EOREOR	87	11
5888	1.77	0	1	EOREOR	87	11
5889	1.77	0	1	EOREOR	87	11
5890	1.761	0	1	EOREOR	87	11
5891	1.293	0	1	EOREOR	87	11
5892	1.676	0	1	EOREOR	87	11
5893	3.647999882698	0	1	EOREOR	87	11
5894	2.28	0	1	EOREOR	87	11
5895	5.170500040054	0	1	EOREOR	87	11
5896	15	0	1	EOREOR	87	11
5902	682.5	0	1	EOREOR	89	6
5903	1.8	0	1	EOREOR	87	16
5904	3.4	260	1	EOREOR	20	2
5928	29.6	0	1	EOREOR	1	26
5959	1.941800050736	46	1	EOREOR	20	25
5960	3.761999874115	0	1	EOREOR	20	15
5961	3.982500064373	23	1	EOREOR	20	15
5969	1.5	6	1	EOREOR	87	26
5970	2.5	6	1	EOREOR	87	26
5971	2	12	1	EOREOR	87	26
5972	2.01	510	1	EOREOR	20	1
5974	13.5	9	0	EOREOR	87	1
5978	1.89248395443	17	1	EOREOR	20	10
5981	2.535000061989	48	1	EOREOR	87	26
5982	3	48	1	EOREOR	87	26
5985	4.630500090122	160	1	EOREOR	20	2
5987	4.8	0	1	EOREOR	20	1
5996	3.4	60	1	EOREOR	20	2
6015	1600	2	1	EOREOR	89	6
6016	1000	2	1	EOREOR	89	6
6031	7.084999752045	0	1	EOREOR	20	15
6035	5.54399974823	4	1	EOREOR	20	15
6042	8.7	0	1	EOREOR	87	11
6050	0.75	0	1	EOREOR	60	12
6058	1.610400037766	0	1	EOREOR	20	10
6060	1.478400006294	0	0	EOREOR	20	10
6062	1.625	48	0	EOREOR	87	26
6063	2.6	60	0	EOREOR	87	26
6066	3.63	30	0	EOREOR	20	1
6072	39.26000099182	7	1	EOREOR	11	50
6073	5.7375	146	1	EOREOR	11	50
6074	5.805000257492	-1	1	EOREOR	11	50
6075	5.805000257492	0	1	EOREOR	11	50
6076	6.007499742508	48	1	EOREOR	11	50
6077	6.370000123978	18	1	EOREOR	11	50
6078	8.840000247955	39	1	EOREOR	11	50
6079	15.08000049591	18	1	EOREOR	11	50
6080	2.011800050736	96	1	EOREOR	20	11
6082	14.725	1	1	EOREOR	11	7
6108	4.818000125885	6	1	EOREOR	20	15
6109	5.54399974823	23	1	EOREOR	20	15
6110	5.015999937058	14	1	EOREOR	20	15
6114	2.060235053301	122	1	EOREOR	20	25
6120	1.838192981482	96	1	EOREOR	20	10
6136	227.8320007324	2	1	EOREOR	1	2
6145	2.05	2760	1	EOREOR	20	1
6146	0.95	1617	1	EOREOR	40	6
6147	1.727739977837	116	1	EOREOR	20	9
6149	4.913999962807	12	1	EOREOR	20	15
6150	2.12800003171	35	1	EOREOR	20	25
6153	4.131858129501	285	1	EOREOR	20	3
6170	5.4	37	1	EOREOR	11	10
6171	17.3	5	1	EOREOR	11	10
6176	25.77	4	1	EOREOR	20	4
6177	31	10	1	EOREOR	1	41
6179	25	0	1	EOREOR	10	4
6233	1.862460064888	0	0	EOREOR	20	25
6239	2.651999902725	-26	1	EOREOR	99	0
6241	5.74995	0	1	EOREOR	99	0
6242	0.1852183248282	-9	1	EOREOR	99	0
6253	0.7483050137758	146	1	EOREOR	40	21
6257	1600	1	1	EOREOR	89	0
6267	7.832075166702	80	1	EOREOR	20	2
6279	5.265000247955	1	1	EOREOR	20	15
6283	5.985	1	1	EOREOR	20	15
6285	16.9	7	1	EOREOR	10	4
6286	12.16	4	1	EOREOR	1	41
6287	12.16	12	1	EOREOR	1	41
6289	3.45	570	1	EOREOR	20	1
6290	26.50761537552	3	1	EOREOR	1	41
6291	20.8725	9	1	EOREOR	1	35
6292	23.5	11	1	EOREOR	1	35
6293	29.2	9	1	EOREOR	1	35
6294	29.2	4	1	EOREOR	1	35
6295	9.19	10	1	EOREOR	1	14
6296	23.8	12	1	EOREOR	10	7
6299	5.65	-7	1	EOREOR	99	0
6306	2.164575076103	36	1	EOREOR	20	25
6308	4.123937920332	30	1	EOREOR	20	1
6310	1.861331977844	5	0	EOREOR	20	25
6315	4.761399898529	-30	0	EOREOR	20	1
6317	2.337119972706	172	1	EOREOR	20	25
6324	5.104579973221	30	1	EOREOR	20	15
6345	1.850961039066	0	1	EOREOR	20	10
6346	3.42448401928	0	1	EOREOR	20	15
6361	2.0125	18	1	EOREOR	87	26
6362	4.6	60	1	EOREOR	20	2
6363	2.233116087914	83	1	EOREOR	20	12
6365	34.95	0	1	EOREOR	10	90
6366	5.89	0	1	EOREOR	99	1
6382	3.314999938011	14	1	EOREOR	20	25
6395	3.118499922752	1	1	EOREOR	20	25
6397	56.4	4	1	EOREOR	87	11
6398	12.075	6	1	EOREOR	87	11
6412	1.817910075188	9	1	EOREOR	20	10
6414	8.032309961319	11	1	EOREOR	20	15
6415	4.202685070038	64	1	EOREOR	20	15
6417	6.927310085297	13	1	EOREOR	20	15
6419	6.927310085297	11	1	EOREOR	20	15
6447	9.6	6	1	EOREOR	11	10
6461	2.272994953394	42	1	EOREOR	20	25
6467	4	-30	1	EOREOR	87	1
6468	6	6	1	EOREOR	87	1
6470	2.112000031471	1	1	EOREOR	20	25
6472	2.455200018883	58	1	EOREOR	20	25
6473	3.5	420	1	EOREOR	20	1
6478	8.15554022789	0	1	EOREOR	99	1
6479	1.609999966621	142	1	EOREOR	20	11
6490	5.347215092182	20	1	EOREOR	20	2
6492	2.181199980974	0	1	EOREOR	20	25
6515	11.44000024796	6	1	EOREOR	10	73
6516	4.05	210	1	EOREOR	20	1
6518	4.5	192	1	EOREOR	20	7
6523	7.964840078354	2	1	EOREOR	20	15
6524	4.169879937172	60	1	EOREOR	20	15
6527	2.263429939747	6	1	EOREOR	20	25
6529	3.280046150684	18	1	EOREOR	20	25
6534	3.537467908859	40	1	EOREOR	20	25
6555	1.609999966621	23	1	EOREOR	87	11
6556	1.413999986649	71	1	EOREOR	87	11
6557	2.043999886513	35	1	EOREOR	87	11
6560	4.617340016365	0	1	EOREOR	40	16
6561	3.9	19	1	EOREOR	85	11
6562	4.6	210	1	EOREOR	20	1
6563	5.656039428711	0	0	EOREOR	20	2
6569	3.11	3750	1	EOREOR	20	1
6570	3.886785113812	-40	1	EOREOR	20	2
6572	2.447999954224	-2	1	EOREOR	87	16
6573	2.1	36	1	EOREOR	87	16
6581	2.618503931761	0	1	EOREOR	20	25
6587	3.63641492461	-12	1	EOREOR	99	1
6593	15.15253629684	9	1	EOREOR	20	21
6594	4	0	0	EOREOR	20	2
6603	5.7	20	0	EOREOR	20	2
6604	3.5	-1	1	EOREOR	87	11
6605	7.798000240326	15	1	EOREOR	87	11
6633	64.5	0	1	EOREOR	10	86
6634	1.95	0	1	EOREOR	87	16
6635	4.45	390	1	EOREOR	20	1
6637	14.95	0	1	EOREOR	87	11
6640	58.6	3	1	EOREOR	1	63
6644	2.247700076103	14	1	EOREOR	20	25
6648	7.737500071526	23	1	EOREOR	20	12
6660	270	1	1	EOREOR	89	6
6664	4.17144010067	141	1	EOREOR	10	15
6665	6.4	0	1	EOREOR	99	0
6666	1.560000061989	101	1	EOREOR	60	12
6667	1.560000061989	79	1	EOREOR	60	12
6668	15.46999950409	22	1	EOREOR	11	50
6670	8.7	32	1	EOREOR	11	80
6671	6.7	15	1	EOREOR	11	72
6672	7.14999973774	83	1	EOREOR	11	72
6674	5.50159983635	82	1	EOREOR	10	27
6675	11.35160045624	27	1	EOREOR	10	23
6676	8.829599761963	44	1	EOREOR	10	26
6677	7.643219709396	11	1	EOREOR	10	24
6688	4.408409957886	1100	1	EOREOR	20	2
6690	1249.61	1	1	EOREOR	89	0
6691	93	0	1	EOREOR	1	2
6696	34.5	3	1	EOREOR	1	32
6699	33	3	1	EOREOR	1	32
6700	42.9	2	1	EOREOR	1	32
6701	95	1	1	EOREOR	1	5
6702	28	2	1	EOREOR	1	2
6704	38.5	3	1	EOREOR	1	2
6706	22.7	7	1	EOREOR	1	5
6713	57.8	1	1	EOREOR	1	2
6716	19.57	6	1	EOREOR	1	2
6718	31	-1	1	EOREOR	1	5
6722	74.41174983978	4	1	EOREOR	10	25
6723	53.72821884155	2	1	EOREOR	10	35
6727	30.7830904007	6	1	EOREOR	10	22
6728	95.4179	2	1	EOREOR	1	5
6740	1.545739984512	160	1	EOREOR	20	9
6741	1.712339925766	257	1	EOREOR	20	9
6743	3.848000049591	0	1	EOREOR	10	46
6745	1.340300023556	0	1	EOREOR	60	6
6746	1.459900033474	0	1	EOREOR	60	6
6747	3.4	420	1	EOREOR	20	2
6773	2.2	180	1	EOREOR	20	2
6775	6.490000104904	0	1	EOREOR	20	2
6777	6.250999746323	2	1	EOREOR	20	15
6780	7.049000253677	2	1	EOREOR	20	15
6804	6.620327911377	3	1	EOREOR	20	15
6810	14.625	3	1	EOREOR	10	7
6811	7500	0	1	EOREOR	89	0
6812	2.776200056076	0	1	EOREOR	13	0
6816	0.7617719721794	-6	0	EOREOR	20	10
6817	0.581875	7	0	EOREOR	20	10
6818	3.3	60	1	EOREOR	20	2
6826	0.6776999652386	683	1	EOREOR	20	10
6829	0.6776999652386	1295	1	EOREOR	20	10
6830	0.8572499871254	134	1	EOREOR	20	13
6832	0.94	-24	1	EOREOR	60	6
6833	0.9723000407219	285	1	EOREOR	20	8
6839	5.228255910873	37	1	EOREOR	20	12
6840	4.363655948639	22	1	EOREOR	20	12
6865	18.55	4	1	EOREOR	1	23
6869	2.701437733984	894	1	EOREOR	50	1
6870	3.128003816605	344	1	EOREOR	50	1
6871	1.416051009893	718	1	EOREOR	50	1
6872	0.54	5	1	EOREOR	40	6
6876	0.5935141338408	1865	1	EOREOR	50	6
6878	0.7357097581565	231	1	EOREOR	50	6
6879	0.8531057290435	770	1	EOREOR	50	6
6880	0.7830576145649	929	1	EOREOR	50	6
6881	0.6882892217338	421	1	EOREOR	50	6
6884	0.6493500083685	1032	1	EOREOR	50	6
6885	0.7614000141621	2084	1	EOREOR	50	6
6886	0.6634914085507	551	1	EOREOR	50	6
6887	14.625	14	1	EOREOR	11	7
6890	495.3	6	1	EOREOR	89	0
6891	3.00149987936	0	1	EOREOR	20	25
6898	3.95	1710	0	EOREOR	20	1
6903	6.327684288025	17	1	EOREOR	20	15
6933	5.051149940491	20	1	EOREOR	20	2
6938	3.310636153221	35	1	EOREOR	20	15
6958	7.727348026896	-2	1	EOREOR	99	1
6959	1.646449995041	11	1	EOREOR	50	6
6960	1.491750049591	75	1	EOREOR	50	6
6961	1.425580072403	28	1	EOREOR	50	6
6965	1.491750049591	30	1	EOREOR	50	6
6967	2.635	1	1	EOREOR	40	16
6968	2.635	1	1	EOREOR	40	16
6972	1.332000017166	2022	0	EOREOR	87	26
6973	1.284000062943	1026	0	EOREOR	87	26
6985	5.852000126839	7	1	EOREOR	20	15
6990	1.875	60	1	EOREOR	87	26
6996	3.798960027695	9	1	EOREOR	20	25
7000	1.781003004313	93	1	EOREOR	20	10
7001	1.789259977341	-1	1	EOREOR	20	10
7002	1.818168053627	3	1	EOREOR	20	10
7004	2.154600006342	19	1	EOREOR	20	10
7005	2	7	1	EOREOR	87	26
7006	1.25	-84	1	EOREOR	87	26
7007	1.431249976158	-24	1	EOREOR	87	26
7012	1.25	120	1	EOREOR	87	26
7013	1.25	360	1	EOREOR	87	26
7014	2	270	1	EOREOR	87	26
7016	4.75	0	1	EOREOR	20	2
7017	5.12	21	1	EOREOR	70	0
7018	4.73	5	1	EOREOR	70	0
7019	5.302639904022	46	1	EOREOR	70	0
7020	5.5	3	1	EOREOR	70	0
7021	5.85	16	1	EOREOR	70	0
7022	5.935949778557	9	1	EOREOR	70	0
7023	4.696080093384	57	1	EOREOR	70	0
7024	4.217360095978	38	1	EOREOR	70	0
7025	4.05	27	1	EOREOR	70	0
7026	5.5	12	1	EOREOR	70	0
7027	8.973449778557	7	1	EOREOR	1	41
7028	15.1	5	1	EOREOR	1	41
7029	2.32663192749	48	1	EOREOR	20	10
7030	2.352108063698	61	1	EOREOR	20	10
7031	5.422559738159	25	1	EOREOR	20	15
7032	2.529252033234	12	1	EOREOR	20	10
7033	5.820407981873	28	1	EOREOR	20	15
7035	5.860404167175	27	1	EOREOR	20	15
7036	2.706395845413	5	2	EOREOR	20	10
7037	6.323723945618	24	1	EOREOR	20	15
7038	14.125	61	1	EOREOR	1	41
7039	17.59758014679	-3	1	EOREOR	10	39
7041	33.84758014679	14	1	EOREOR	10	29
7042	20.19758014679	11	1	EOREOR	10	39
7043	31.89758014679	10	1	EOREOR	10	39
7044	37.74758014679	18	1	EOREOR	10	39
7045	11.29491004944	51	1	EOREOR	10	27
7046	18.89758014679	-2	1	EOREOR	10	38
7047	44.80657806397	22	1	EOREOR	10	32
7048	0.9	0	1	EOREOR	40	6
7049	4.407422262263	0	1	EOREOR	87	11
7050	4.407422262263	0	1	EOREOR	87	11
7051	4.4074	2	1	EOREOR	87	11
7060	4.723500127792	0	1	EOREOR	20	1
7061	1.511439967156	338	1	EOREOR	20	8
7075	3.998279881477	24	1	EOREOR	40	16
7076	4.355780005455	12	1	EOREOR	40	16
7077	3.546919989586	0	1	EOREOR	40	16
7082	8.9	0	1	EOREOR	11	78
7083	8.25	7	1	EOREOR	11	78
7084	3.801600151062	3	1	EOREOR	20	12
7085	0.75	7696	1	EOREOR	60	6
7086	0.84	2856	1	EOREOR	60	6
7088	0.642464992404	0	1	EOREOR	60	6
7089	0.55	-14	1	EOREOR	60	1
7090	4.981515116692	140	0	EOREOR	20	2
7091	12.37491030693	0	1	EOREOR	87	1
7092	1.619749111223	127	1	EOREOR	20	10
7094	1.491000080109	312	1	EOREOR	20	8
7116	1.875	0	1	EOREOR	87	26
7117	2.374999970198	0	1	EOREOR	87	26
7119	3.438499975205	37	1	EOREOR	87	1
7125	4	380	1	EOREOR	30	1
7136	4.5	240	1	EOREOR	35	1
7138	1.5	540	1	EOREOR	87	26
7139	1.5	120	1	EOREOR	87	26
7140	1.5	240	1	EOREOR	87	26
7141	1.5	60	1	EOREOR	87	26
7142	1.5	120	1	EOREOR	87	26
7149	1.966800012589	185	1	EOREOR	20	0
7150	3.942575941086	18	1	EOREOR	20	25
7154	7.175999975205	152	1	EOREOR	87	11
7155	0.6701869887114	6	1	EOREOR	50	6
7157	3.224891967773	20	1	EOREOR	20	25
7165	4.025604028702	18	1	EOREOR	20	25
7168	500	0	0	EOREOR	91	6
7169	1.924927718639	111	1	EOREOR	50	1
7170	2.398819602919	126	1	EOREOR	50	1
7171	1.75	100	1	EOREOR	50	1
7175	0.8347299695015	233	1	EOREOR	50	6
7176	0.5705100014806	0	1	EOREOR	50	6
7177	1.8	-66	1	EOREOR	87	26
7178	3.6	1020	1	EOREOR	87	6
7179	4.8	240	1	EOREOR	87	6
7180	1.8	600	1	EOREOR	87	6
7181	1.2	300	1	EOREOR	87	6
7182	806	1	1	EOREOR	89	6
7190	5	5	1	EOREOR	89	6
7191	4.718249845505	19	1	EOREOR	70	0
7192	1.4875	114	0	EOREOR	20	9
7193	1.604125052691	228	1	EOREOR	87	26
7194	7.875000238419	12	1	EOREOR	87	6
7195	30.45000076294	0	1	EOREOR	89	6
7196	28.75	0	1	EOREOR	89	6
7197	140	0	1	EOREOR	89	6
7198	1.672560017109	300	1	EOREOR	20	9
7199	1.545048079491	343	1	EOREOR	20	9
7200	2.27999997139	924	1	EOREOR	87	26
7201	1.61	68	1	EOREOR	87	11
7202	1.61	26	1	EOREOR	87	11
7203	5.049000012875	0	1	EOREOR	87	11
7204	7.347999811173	0	1	EOREOR	87	11
7217	22	5	1	EOREOR	1	38
7219	2.010161979199	18	1	EOREOR	20	10
7226	5.808000125885	1	1	EOREOR	20	15
7227	6.250999746323	2	0	EOREOR	20	15
7233	1890	0	1	EOREOR	89	0
7237	0.7007	22	1	EOREOR	40	1
7246	0.9271800041199	0	1	EOREOR	20	10
7252	1.884564056397	14	1	EOREOR	20	10
7253	2.164799981117	68	1	EOREOR	20	10
7263	2	0	1	EOREOR	50	6
7264	1.183000034094	108	1	EOREOR	40	16
7267	2	0	1	EOREOR	50	6
7272	2.27999997139	48	1	EOREOR	87	26
7273	2.27999997139	150	1	EOREOR	87	26
7274	2.27999997139	36	1	EOREOR	87	26
7275	84	2	0	EOREOR	89	6
7276	375.6	0	1	EOREOR	89	6
7289	1.560000061989	78	1	EOREOR	60	12
7290	3.1	300	1	EOREOR	20	2
7312	5.029332103729	5	1	EOREOR	20	15
7313	4.818000125885	18	1	EOREOR	20	15
7314	4.41368983984	12	1	EOREOR	20	15
7320	1.398906011581	0	1	EOREOR	20	9
7321	1.455486023426	0	1	EOREOR	20	9
7322	1.829123983383	48	1	EOREOR	20	10
7323	4.152851743698	9	1	EOREOR	20	15
7333	2.574000062943	0	1	EOREOR	20	25
7335	3.55	288	1	EOREOR	20	6
7337	3.85	180	1	EOREOR	20	1
7351	2.304500031471	68	1	EOREOR	87	26
7352	2.854500031471	72	1	EOREOR	87	26
7353	14.4	15	1	EOREOR	87	6
7354	1.6	48	1	EOREOR	87	26
7355	1.6	60	1	EOREOR	87	26
7356	1.67999997139	150	1	EOREOR	87	26
7357	2.15999994278	60	1	EOREOR	87	26
7358	6.1	3	1	EOREOR	10	90
7360	5.129999935627	0	1	EOREOR	10	58
7361	5.129999935627	54	1	EOREOR	10	6
7362	9.180000257492	0	1	EOREOR	10	6
7363	10.8	22	1	EOREOR	10	6
7379	1.61	0	1	EOREOR	87	11
7381	1.61	0	1	EOREOR	87	11
7383	7.875000238419	-4	1	EOREOR	87	6
7384	22.55	3	0	EOREOR	87	6
7385	10.175	9	0	EOREOR	87	6
7388	3.214728012085	0	1	EOREOR	20	25
7390	4.732067871094	60	1	EOREOR	20	2
7400	7.925000190735	0	1	EOREOR	1	41
7401	2.398888147402	91	1	EOREOR	50	1
7402	1.578177959919	35	1	EOREOR	50	1
7403	3.13	420	1	EOREOR	20	1
7405	3	60	1	EOREOR	87	6
7406	18	120	1	EOREOR	87	6
7407	18	60	1	EOREOR	87	6
7408	9.6	6	1	EOREOR	87	6
7409	9.6	150	1	EOREOR	87	6
7410	26	0	1	EOREOR	87	6
7411	0.87	0	1	EOREOR	50	6
7413	0.6145199820399	0	1	EOREOR	50	6
7414	4.02118185997	0	1	EOREOR	20	15
7420	1.287020027638	101	1	EOREOR	20	9
7421	2.18803205967	0	1	EOREOR	20	10
7423	4.31	141	1	EOREOR	20	15
7424	2.158067965508	31	1	EOREOR	20	10
7425	2.120844082832	141	1	EOREOR	20	10
7426	2.159123983383	121	1	EOREOR	20	10
7427	2.193179969788	123	1	EOREOR	20	10
7428	4.508328037262	41	1	EOREOR	20	15
7429	4.561920118332	0	1	EOREOR	20	1
7430	4.38	210	1	EOREOR	20	1
7431	3.908380174637	210	1	EOREOR	20	1
7434	0.1250009934157	480	1	EOREOR	87	16
7435	1.302000010014	0	1	EOREOR	87	16
7436	2.755999851227	0	1	EOREOR	87	16
7437	3.211000037193	0	1	EOREOR	87	16
7438	8.190000247955	0	1	EOREOR	87	16
7439	0.5459999829531	0	1	EOREOR	87	16
7444	4.224000062943	1	1	EOREOR	20	10
7452	3.276900100708	0	1	EOREOR	20	25
7453	3.054083948135	1	0	EOREOR	20	25
7454	3.054083948135	3	1	EOREOR	20	25
7458	2.491060054302	30	1	EOREOR	40	16
7462	2.308500051498	1	1	EOREOR	20	25
7463	2.322999978066	21	1	EOREOR	20	25
7487	3.955908050537	60	1	EOREOR	20	1
7488	3.67	60	1	EOREOR	20	1
7489	4.2	30	1	EOREOR	20	1
7498	4.45	60	1	EOREOR	20	1
7500	1.65	36	1	EOREOR	87	26
7501	5.5	400	1	EOREOR	87	6
7502	3.68	30	1	EOREOR	20	1
7505	3.077999961376	11	1	EOREOR	87	21
7506	2.011500012875	21	1	EOREOR	87	21
7507	2.061499936581	20	1	EOREOR	87	21
7508	3.952024002075	40	0	EOREOR	20	2
7510	9.9	0	1	EOREOR	10	6
7511	4.733124046326	6	1	EOREOR	20	15
7516	7.847928314209	12	0	EOREOR	20	15
7519	20.28000049591	0	1	EOREOR	87	11
7521	5.34600025177	3	1	EOREOR	20	15
7523	7.59	0	1	EOREOR	20	15
7527	7.26	6	1	EOREOR	20	15
7533	5.2	-12	1	EOREOR	11	10
7538	7.55	85	1	EOREOR	11	46
7539	8.7	0	1	EOREOR	11	46
7540	9.85	-3	1	EOREOR	11	46
7541	22	-1	1	EOREOR	11	46
7542	3.814799880981	0	1	EOREOR	20	2
7544	7.676627235413	5	1	EOREOR	20	14
7545	2.567268047333	110	1	EOREOR	20	10
7546	4.539209914208	0	0	EOREOR	20	2
7548	2.038949947357	121	1	EOREOR	20	9
7549	2	0	1	EOREOR	87	26
7550	2.040000057221	48	1	EOREOR	87	26
7551	7.875000238419	0	1	EOREOR	87	6
7552	3.322073993683	510	1	EOREOR	20	1
7553	2.963712072372	260	1	EOREOR	20	2
7554	5.85	20	1	EOREOR	70	0
7555	5.85	7	1	EOREOR	70	0
7556	5.7	1	1	EOREOR	70	0
7557	4.65	0	1	EOREOR	70	0
7558	6.4	13	1	EOREOR	70	0
7559	5.85	15	1	EOREOR	70	0
7560	5.75	4	1	EOREOR	70	0
7561	13.76927947998	5	1	EOREOR	1	41
7562	3.80173201561	36	1	EOREOR	20	15
7564	1.961819976568	-2	1	EOREOR	20	10
7566	29.9	4	1	EOREOR	1	62
7567	42.2	2	1	EOREOR	1	62
7569	19.4	4	1	EOREOR	1	63
7570	69.05	1	1	EOREOR	1	63
7574	27	2	1	EOREOR	1	38
7578	36.25	0	1	EOREOR	1	2
7579	156	0	1	EOREOR	10	73
7582	94.14899711609	0	1	EOREOR	11	72
7583	31.4	1	1	EOREOR	1	63
7584	5.344919872284	143	1	EOREOR	10	15
7585	7.869554901123	78	1	EOREOR	10	21
7586	6.114555287361	79	1	EOREOR	10	27
7587	6.924555158615	84	1	EOREOR	10	33
7590	6.007499742508	1	1	EOREOR	11	0
7591	36.36900072098	5	1	EOREOR	11	72
7592	18.5	1	1	EOREOR	1	42
7593	20.55	2	1	EOREOR	1	41
7594	37.9	0	1	EOREOR	1	63
7595	29.95	5	1	EOREOR	1	2
7599	35.9	5	1	EOREOR	1	74
7605	32	5	1	EOREOR	1	74
7606	36.8	0	1	EOREOR	1	62
7607	40	1	1	EOREOR	1	62
7608	42.8	1	1	EOREOR	1	62
7609	42.8	4	1	EOREOR	1	62
7610	48.4	3	1	EOREOR	1	62
7611	28.8	0	1	EOREOR	1	38
7613	12.9	9	1	EOREOR	1	2
7614	4.140000057221	40	1	EOREOR	20	2
7619	6.20399974823	1	1	EOREOR	20	15
7620	40.25	1	0	EOREOR	87	6
7621	11.5	7	0	EOREOR	87	6
7622	18	0	1	EOREOR	1	41
7623	16.3	11	1	EOREOR	1	41
7624	19	2	1	EOREOR	1	41
7625	27.6	4	1	EOREOR	1	38
7626	27.6	3	1	EOREOR	1	38
7627	27.6	4	1	EOREOR	1	38
7628	28.9	2	1	EOREOR	1	38
7629	52.5	2	1	EOREOR	1	63
7630	45	0	1	EOREOR	1	63
7631	26	3	1	EOREOR	1	8
7632	12.2	0	1	EOREOR	1	62
7634	29.8	1	1	EOREOR	1	62
7636	19.2	6	1	EOREOR	1	62
7637	29.5	0	1	EOREOR	1	2
7638	39.9	2	1	EOREOR	1	62
7639	3.82	690	1	EOREOR	20	1
7640	3.977999854088	13	1	EOREOR	87	11
7648	2.22600004673	0	1	EOREOR	87	27
7650	4.7	0	1	EOREOR	20	1
7653	11.7	2	1	EOREOR	87	16
7666	2.839417123795	11	1	EOREOR	20	25
7668	4.797520017624	0	1	EOREOR	20	1
7669	3.192000126839	0	0	EOREOR	20	25
7670	3.325	46	1	EOREOR	20	25
7671	3.418099911213	0	1	EOREOR	20	25
7674	4.6	60	1	EOREOR	20	1
7675	2.4	270	1	EOREOR	20	1
7676	4.130000066757	-60	1	EOREOR	20	1
7677	8.6	0	1	EOREOR	1	41
7678	21.31999950409	22	1	EOREOR	11	50
7679	2.068320035934	96	1	EOREOR	40	1
7681	1.299344977737	-1083	1	EOREOR	40	1
7684	3.577567212582	0	1	EOREOR	20	25
7685	1.761718133688	0	1	EOREOR	20	10
7688	3.213545897007	1	1	EOREOR	20	25
7690	2.95	61	1	EOREOR	50	1
7692	63.8	47	1	EOREOR	20	6
7693	4.65	0	1	EOREOR	20	1
7694	3.019099974632	8	1	EOREOR	20	25
7711	2.165107005835	-2	1	EOREOR	20	10
7719	2.051525025368	0	1	EOREOR	40	1
7720	2.051525025368	0	1	EOREOR	40	1
7721	2.051525025368	0	1	EOREOR	40	1
7723	1.964941927195	1	1	EOREOR	20	10
7728	4.86	70	1	EOREOR	10	69
7730	3.366495909691	0	1	EOREOR	20	25
7731	3.092250063419	7	0	EOREOR	20	25
7732	3.341625063419	0	1	EOREOR	20	25
7733	2.618371068239	0	0	EOREOR	20	25
7739	2	6	1	EOREOR	87	26
7740	2	6	1	EOREOR	87	26
7746	1.074240971208	0	1	EOREOR	20	10
7750	0.78	48	1	EOREOR	40	21
7751	2.25	30	1	EOREOR	20	1
7752	1.423100069761	112	0	EOREOR	20	25
7758	1.8	126	0	EOREOR	87	26
7759	2.339999938011	0	1	EOREOR	87	6
7760	3.895750045776	0	1	EOREOR	87	6
7761	21.6	35	0	EOREOR	87	6
7762	0.4500000178814	0	1	EOREOR	87	6
7763	14.2219994545	1	1	EOREOR	87	6
7764	12.37499952316	0	1	EOREOR	89	6
7765	12.37499952316	-1	1	EOREOR	89	6
7766	12.5	0	1	EOREOR	87	6
7767	6.52499973774	0	1	EOREOR	87	6
7770	2.020680087805	-1	1	EOREOR	20	25
7772	2.549077985287	83	1	EOREOR	40	16
7775	3.78	0	1	EOREOR	20	1
7776	3.995999908447	96	1	EOREOR	87	26
7777	1.569399930239	87	1	EOREOR	20	10
7778	2.101400057077	2	1	EOREOR	20	10
7779	1.919544038773	33	1	EOREOR	20	10
7780	4.176200139523	23	1	EOREOR	20	15
7781	3.799884023666	73	1	EOREOR	20	15
7787	4.6	240	0	EOREOR	20	1
7789	3.639999938011	60	1	EOREOR	20	1
7791	34.11438858032	6	1	EOREOR	1	41
7795	3.075625	1	1	EOREOR	20	25
7799	3.285100038052	0	1	EOREOR	20	25
7800	2.646700012684	0	1	EOREOR	20	25
7801	4.548600101471	0	1	EOREOR	20	25
7803	4.615100038052	0	1	EOREOR	20	25
7804	3.6575	0	1	EOREOR	20	25
7805	3.032399961948	0	1	EOREOR	20	25
7806	3.205300114155	0	1	EOREOR	20	25
7807	22.36000099182	0	1	EOREOR	87	11
7809	5.813939752579	17	1	EOREOR	70	0
7810	20.75840053558	5	1	EOREOR	1	71
7811	1.61	51	1	EOREOR	87	11
7812	3.5	-22	1	EOREOR	99	1
7813	2.95	80	1	EOREOR	50	1
7814	3.7	0	1	EOREOR	20	2
7828	29	5	1	EOREOR	1	62
7829	25.1	5	1	EOREOR	1	2
7830	24.5	0	1	EOREOR	1	38
7831	25.2	0	1	EOREOR	1	56
7832	27	2	1	EOREOR	1	56
7833	43.4	3	1	EOREOR	1	2
7834	59.9	1	1	EOREOR	1	2
7840	6	0	1	EOREOR	99	1
7845	3.263370084763	120	1	EOREOR	20	1
7846	0.9341999620199	733	1	EOREOR	60	6
7847	0.55	1808	1	EOREOR	60	11
7848	1.667952953577	37	1	EOREOR	60	6
7849	4.75	0	1	EOREOR	20	1
7850	8.45	0	1	EOREOR	10	72
7851	16	0	1	EOREOR	10	72
7852	12	0	1	EOREOR	10	72
7853	9.4	0	1	EOREOR	10	72
7854	7.4	10	1	EOREOR	10	72
7855	0.8451299905777	768	1	EOREOR	40	1
7856	1.70977499485	12	1	EOREOR	40	16
7857	1.469250959158	69	1	EOREOR	40	16
7865	2.049796055555	1	1	EOREOR	20	10
7866	2.137576035261	3	1	EOREOR	20	10
7868	6.318696722984	-1	1	EOREOR	20	15
7873	1.667952953577	0	1	EOREOR	60	6
7874	0.8667000263929	11	1	EOREOR	20	13
7875	2.291630125046	-12	1	EOREOR	87	26
7876	4.829999780655	20	0	EOREOR	87	6
7877	13.225	24	1	EOREOR	87	6
7878	13.225	0	1	EOREOR	87	6
7879	22.55	0	1	EOREOR	87	6
7880	26.62000083923	0	1	EOREOR	87	6
7882	78.5	74	1	EOREOR	20	6
7887	2.167020070553	96	1	EOREOR	20	25
7888	5.037794923782	90	1	EOREOR	20	1
7899	3.386312868595	-1	0	EOREOR	20	25
7902	5.054249978066	20	1	EOREOR	20	2
7904	2.663875048161	-15	0	EOREOR	20	25
7906	3.15875	6	0	EOREOR	20	25
7908	3.033125054836	3	1	EOREOR	20	25
7909	1.975775928497	713	1	EOREOR	20	10
7910	1.975775928497	18	1	EOREOR	20	10
7911	1.975775928497	185	1	EOREOR	20	10
7912	1.767703016996	74	1	EOREOR	60	12
7913	1.092132021189	120	1	EOREOR	40	16
7914	1.092132021189	306	1	EOREOR	40	16
7916	3.793692085743	0	1	EOREOR	20	25
7918	4.087223119736	41	1	EOREOR	20	25
7919	3.413578112125	0	1	EOREOR	20	25
7920	4.2215528965	210	1	EOREOR	20	1
7921	5.922500109673	20	1	EOREOR	20	2
7923	5.635000109673	20	1	EOREOR	20	2
7925	7.315	9	1	EOREOR	20	15
7926	3.541999959946	31	1	EOREOR	20	10
7928	2.487374961376	72	1	EOREOR	20	25
7930	5.79162478447	0	1	EOREOR	20	2
7931	33.50120669708	3	1	EOREOR	1	63
7933	52.5	0	1	EOREOR	1	2
7935	17	0	1	EOREOR	1	38
7938	2.051999974251	721	1	EOREOR	20	25
7945	3.602204883099	1	1	EOREOR	20	25
7946	3.377294898033	96	1	EOREOR	20	25
7947	2.994628036022	27	1	EOREOR	20	25
7948	3.693620252609	190	1	EOREOR	20	25
7950	3.377294898033	22	1	EOREOR	20	25
7951	2.252205044031	74	1	EOREOR	20	25
7953	3.618000090122	36	1	EOREOR	20	25
7954	2.450524961948	32	1	EOREOR	20	25
7955	3.548838884831	15	0	EOREOR	20	25
7957	2.495878036022	1	1	EOREOR	20	25
7958	4.158378036022	6	1	EOREOR	20	25
7962	6.360000228882	0	1	EOREOR	20	2
7969	2530	0	1	EOREOR	89	0
7970	34.9	1	1	EOREOR	1	74
7972	19.95	1	1	EOREOR	1	5
7973	19.7997792244	3	1	EOREOR	1	42
7974	21.11078071594	1	1	EOREOR	1	42
7975	32.9	3	1	EOREOR	1	38
7976	21.77273590088	2	1	EOREOR	1	71
7978	27	3	1	EOREOR	1	26
7980	44	0	1	EOREOR	1	2
7981	5.4	12	1	EOREOR	10	6
7986	4	2	1	EOREOR	87	1
7987	21.72000045776	3	1	EOREOR	87	6
7989	34.2	0	1	EOREOR	87	26
7990	375.6	2	0	EOREOR	89	6
7991	28.57199935913	1	1	EOREOR	89	6
7992	40.83599853516	2	1	EOREOR	89	6
7993	31.55999908447	0	1	EOREOR	87	26
7994	7.680000114441	50	1	EOREOR	87	26
7995	7.680000114441	20	0	EOREOR	87	26
7996	6.119999885559	20	1	EOREOR	87	6
7997	4.680584871769	0	1	EOREOR	20	2
7998	5.367948060036	0	0	EOREOR	20	1
7999	0.8486100018024	-18	1	EOREOR	60	1
8003	2.886100101471	16	0	EOREOR	20	25
8009	3.640874936581	7	1	EOREOR	20	25
8010	3.2	360	1	EOREOR	20	1
8011	1.595300030708	124	1	EOREOR	20	9
8012	243.3339996338	0	1	EOREOR	89	6
8015	3.325	15	1	EOREOR	20	25
8016	13.3	15	1	EOREOR	1	41
8017	13.82	3	1	EOREOR	1	41
8018	9.75	4	1	EOREOR	1	41
8020	3.25	150	0	EOREOR	20	1
8022	3.263120079041	180	1	EOREOR	20	2
8023	3.879630053043	0	1	EOREOR	20	2
8024	3.679957008362	20	1	EOREOR	20	2
8026	1.81453499794	44	1	EOREOR	20	25
8027	1.823310005665	70	1	EOREOR	20	25
8028	1.8227	7	1	EOREOR	20	25
8031	3.185217111111	1	1	EOREOR	20	25
8033	2.93368499279	74	1	EOREOR	20	25
8036	5.680999851227	6	1	EOREOR	20	25
8037	2.926000063419	15	0	EOREOR	20	25
8044	2.495878036022	1	1	EOREOR	20	25
8045	2.218839043379	1	1	EOREOR	20	25
8050	4.158378036022	0	1	EOREOR	20	25
8061	6.45	0	1	EOREOR	10	72
8064	2.9925	1	1	EOREOR	20	25
8067	2.9925	9	1	EOREOR	20	25
8068	2.9925	0	1	EOREOR	20	25
8071	1.995	1	1	EOREOR	20	25
8078	4.728125035763	1	1	EOREOR	20	25
8079	3.444699885845	2	1	EOREOR	20	25
8082	3.444699885845	-1	1	EOREOR	20	25
8092	3.564000034332	3	1	EOREOR	20	25
8094	4.425599975586	1	1	EOREOR	20	25
8096	3.617600038052	3	1	EOREOR	20	25
8097	2.837499976158	56	0	EOREOR	20	25
8104	6.725999774933	0	1	EOREOR	20	1
8110	2.132655011416	-2	1	EOREOR	20	10
8115	6.318696722984	36	1	EOREOR	20	15
8124	1.187499985099	32	1	EOREOR	87	16
8125	10.56249976158	0	1	EOREOR	87	15
8126	1.825000047684	0	1	EOREOR	87	15
8127	4.987500011921	33	1	EOREOR	87	26
8128	10.36249995232	6	1	EOREOR	87	15
8129	3.165400152206	2	1	EOREOR	20	25
8134	1.995	12	0	EOREOR	20	25
8136	5.734820175171	58	1	EOREOR	20	14
8137	2.204740923643	94	1	EOREOR	20	10
8138	3.718547141552	30	1	EOREOR	20	1
8141	3.466349959374	320	1	EOREOR	20	2
8144	2.234399930239	1	1	EOREOR	20	10
8147	4.889565110207	60	1	EOREOR	20	1
8148	1.35734500885	924	1	EOREOR	40	1
8149	1.258467033505	1215	1	EOREOR	40	1
8151	2.465288033485	0	1	EOREOR	20	25
8152	3.323699855804	-24	1	EOREOR	20	25
8153	1.765974047184	3	1	EOREOR	20	25
8156	13.95	0	1	EOREOR	1	41
8157	14.95	0	1	EOREOR	1	41
8158	15.9	0	1	EOREOR	1	41
8161	3.857000126839	1	1	EOREOR	20	25
8163	5.583249926567	6	0	EOREOR	20	1
8165	5.665000104904	1	1	EOREOR	20	25
8166	5.612599720955	39	1	EOREOR	20	12
8167	5.612599720955	39	1	EOREOR	20	12
8174	3.757250063419	2	1	EOREOR	20	25
8175	3.358250126839	-2	1	EOREOR	20	25
8178	3.757250063419	1	1	EOREOR	20	25
8181	4.868465065956	0	1	EOREOR	20	1
8186	13.68749976158	2	1	EOREOR	10	73
8189	7.580999746323	4	0	EOREOR	20	15
8190	4.921000063419	23	0	EOREOR	20	15
8191	5.852000126839	12	1	EOREOR	20	15
8192	6.269999790192	20	1	EOREOR	20	2
8193	5.733000240326	0	1	EOREOR	20	2
8197	6.818291872501	-3	1	EOREOR	99	1
8198	0.7056	-5	1	EOREOR	20	11
8209	2.493044936657	20	1	EOREOR	20	25
8210	1.685808076859	102	1	EOREOR	20	25
8213	6.674999713898	-1	1	EOREOR	99	0
8214	6.115200176239	-1	1	EOREOR	85	1
8215	20.8	-6	1	EOREOR	85	1
8216	6.45	-36	1	EOREOR	85	1
8217	21.6	-17	1	EOREOR	85	1
8225	17.05509046555	0	1	EOREOR	1	56
8227	1.763999986649	151	1	EOREOR	20	9
8228	1.228476026058	0	1	EOREOR	20	9
8229	16	24	1	EOREOR	1	41
8230	20.833	0	1	EOREOR	87	36
8231	1.762499958277	24	1	EOREOR	87	16
8232	0.6376020118594	740	1	EOREOR	20	10
8240	3.225249936581	1	1	EOREOR	20	25
8241	1.82037103653	161	1	EOREOR	20	25
8244	3.040380017757	1	1	EOREOR	20	25
8247	3.918070054054	2	0	EOREOR	20	10
8248	49.9	0	1	EOREOR	1	5
8251	7.284000205994	20	1	EOREOR	20	2
8252	5.4	0	1	EOREOR	20	2
8254	2.999150152206	24	1	EOREOR	20	25
8255	2.906049923897	61	1	EOREOR	20	25
8256	2.906049923897	44	1	EOREOR	20	25
8257	3.874290142059	11	1	EOREOR	20	12
8260	3.874290142059	7	1	EOREOR	20	12
8261	3.874290142059	0	1	EOREOR	20	12
8262	43.7	0	1	EOREOR	1	50
8263	5.501249742508	0	1	EOREOR	10	75
8264	5.8	0	1	EOREOR	10	75
8265	6.24375	0	1	EOREOR	10	75
8266	6.9	0	1	EOREOR	10	75
8267	9.7	0	1	EOREOR	10	75
8270	3.536000037193	1	1	EOREOR	20	25
8271	4.9875	12	1	EOREOR	20	15
8272	6.517000126839	6	1	EOREOR	20	15
8273	6.629999876022	0	1	EOREOR	20	15
8274	7.540000247955	4	1	EOREOR	20	15
8275	6.629999876022	20	1	EOREOR	20	15
8276	1.609999966621	0	1	EOREOR	87	11
8277	6.4	-6	1	EOREOR	11	5
8279	6.6	2	1	EOREOR	11	5
8280	4.5	0	1	EOREOR	11	5
8282	6.583499746323	12	1	EOREOR	11	4
8283	2.966448040009	47	1	EOREOR	20	14
8284	17.80444375038	0	1	EOREOR	20	16
8285	13.00765457153	12	1	EOREOR	20	16
8286	1.126160037518	95	1	EOREOR	20	9
8288	2.087800002098	0	1	EOREOR	20	2
8291	3.5	-3	1	EOREOR	99	1
8293	7.279999732971	5	0	EOREOR	87	6
8294	42	5	1	EOREOR	87	6
8295	18	0	1	EOREOR	11	46
8296	10.66500012875	1	1	EOREOR	11	0
8297	3.733379840851	30	1	EOREOR	20	1
8301	2.912499904633	6	1	EOREOR	87	26
8302	1.995	-1	1	EOREOR	20	25
8303	11.75	5	1	EOREOR	1	41
8304	9.590999736786	6	1	EOREOR	20	10
8305	9.590999736786	-3	1	EOREOR	20	10
8307	10.39499974251	4	1	EOREOR	10	61
8308	30.46799926758	7	1	EOREOR	1	2
8309	31.12800064087	1	1	EOREOR	1	2
8310	31	4	1	EOREOR	1	2
8311	30.62400054932	2	1	EOREOR	1	2
8312	64.04640197754	0	1	EOREOR	1	2
8313	24.85	5	1	EOREOR	1	41
8315	37.78635540009	4	1	EOREOR	1	50
8316	20.95	17	1	EOREOR	1	2
8317	31.5	4	1	EOREOR	1	2
8318	33.9	3	1	EOREOR	1	56
8320	27.9	0	1	EOREOR	1	38
8321	45.5	6	1	EOREOR	1	63
8324	31.5	5	1	EOREOR	1	74
8326	30.94660736084	6	1	EOREOR	1	74
8327	24.5	0	1	EOREOR	1	35
8329	43.94	1	1	EOREOR	1	74
8330	45.60507831574	4	1	EOREOR	1	63
8331	43.98139032211	5	1	EOREOR	1	63
8332	45.5	5	1	EOREOR	1	2
8333	3.830400152206	1	1	EOREOR	20	25
8335	3.894638872147	4	1	EOREOR	20	25
8336	3.562139189243	3	1	EOREOR	20	25
8338	3.830400152206	5	1	EOREOR	20	25
8340	2.806299860477	7	1	EOREOR	20	25
8341	2.912499904633	1	1	EOREOR	20	25
8344	5.308290147781	30	1	EOREOR	20	1
8346	9.1	23	1	EOREOR	10	75
8347	9.31	1	1	EOREOR	11	0
8348	12.23599974632	0	1	EOREOR	10	0
8349	7.98	6	1	EOREOR	11	0
8350	12.23599974632	2	1	EOREOR	10	0
8351	12.88754459381	1	1	EOREOR	20	15
8352	11.12710504532	28	1	EOREOR	20	15
8353	30.97	9	1	EOREOR	1	38
8354	3.212460064888	115	1	EOREOR	20	12
8355	2.875	48	1	EOREOR	87	26
8356	390.4680175781	3	1	EOREOR	1	38
8358	383.5799926758	3	1	EOREOR	1	50
8361	50.95	0	1	EOREOR	1	74
8362	54.5	2	1	EOREOR	1	2
8363	3.441375126839	0	1	EOREOR	20	25
8364	3.441375126839	1	1	EOREOR	20	25
8365	3.441375126839	1	1	EOREOR	20	25
8366	15.83999977112	8	1	EOREOR	1	2
8367	23.71300096512	2	1	EOREOR	1	2
8368	3.75618588686	4	1	EOREOR	20	25
8369	7	20	1	EOREOR	20	2
8370	6.509799718857	20	1	EOREOR	20	2
8372	3.194527070522	1	1	EOREOR	20	25
8373	3.194527070522	3	1	EOREOR	20	25
8374	3.541790142059	3	1	EOREOR	20	25
8375	4.330440015793	30	0	EOREOR	20	1
8377	7.98	0	1	EOREOR	20	13
8378	3.378199949265	15	1	EOREOR	20	25
8379	3.617600038052	1	1	EOREOR	20	25
8380	11.04000091553	6	1	EOREOR	10	75
8382	2.856573958397	15	1	EOREOR	20	25
8384	3.457999873161	1	1	EOREOR	20	25
8385	3.457999873161	0	1	EOREOR	20	25
8390	5.275577921867	30	1	EOREOR	20	1
8392	5.934000263214	23	0	EOREOR	11	5
8393	7.114499974251	70	0	EOREOR	11	93
8394	4.843799986839	-9	0	EOREOR	11	5
8395	5.2	11	0	EOREOR	11	5
8396	28	0	0	EOREOR	10	5
8397	28	0	0	EOREOR	10	5
8399	7.7	40	1	EOREOR	10	6
8400	4.725	0	1	EOREOR	20	15
8401	3.3	510	1	EOREOR	20	1
8402	3.369022853375	1	1	EOREOR	20	25
8403	3.410253036022	0	1	EOREOR	20	25
8405	2.922542123795	34	1	EOREOR	20	25
8406	3.410385899544	-1	1	EOREOR	20	25
8411	6.480000257492	0	1	EOREOR	10	72
8412	6.782999873161	0	1	EOREOR	11	10
8413	3.48950009346	180	1	EOREOR	20	2
8415	4.162766971588	0	1	EOREOR	20	1
8416	4.583790063858	0	1	EOREOR	20	1
8417	4.162766971588	0	1	EOREOR	20	1
8418	9.5	6	1	EOREOR	1	41
8419	9.25	5	1	EOREOR	1	41
8420	33.074	5	1	EOREOR	1	38
8421	22.52855987549	12	1	EOREOR	1	38
8422	23.9	14	1	EOREOR	1	38
8423	43.8	9	1	EOREOR	1	2
8424	43.9	3	1	EOREOR	1	2
8425	44.1	1	1	EOREOR	1	2
8426	32	7	1	EOREOR	1	56
8427	42.5	-1	1	EOREOR	1	2
8428	2.5	11	1	EOREOR	1	2
8429	66.74384780884	0	1	EOREOR	1	2
8430	55.5	0	1	EOREOR	1	62
8431	50.5	1	1	EOREOR	1	63
8432	15.5	0	1	EOREOR	10	5
8433	19.79723968506	5	1	EOREOR	1	63
8434	75.29075134277	2	1	EOREOR	1	62
8435	59	0	1	EOREOR	1	63
8436	40.9	1	1	EOREOR	1	74
8437	69	2	1	EOREOR	1	62
8438	16.55	2	1	EOREOR	10	4
8439	9.855000257492	53	1	EOREOR	10	69
8440	3.148687195969	72	1	EOREOR	87	26
8441	1.126439997554	995	1	EOREOR	20	10
8442	4.508920001984	0	1	EOREOR	35	1
8443	37.29400177002	3	1	EOREOR	1	62
8444	2.298239958286	24	1	EOREOR	20	10
8445	20	4	0	EOREOR	10	5
8447	3.215699958801	2	1	EOREOR	20	25
8448	3.777300131321	1	1	EOREOR	20	25
8449	4.014899969101	-1	1	EOREOR	20	25
8450	3.817099847794	1	1	EOREOR	20	25
8452	3.01131016016	1	1	EOREOR	20	25
8453	3.114989984036	1	1	EOREOR	20	25
8454	4.35	20	0	EOREOR	10	5
8455	4.1	77	0	EOREOR	10	5
8458	5.9	19	0	EOREOR	10	5
8460	3.383285164833	0	1	EOREOR	20	1
8461	3.746250128746	2	1	EOREOR	20	25
8462	3.341249871254	1	1	EOREOR	20	25
8464	3.493125128746	1	1	EOREOR	20	25
8465	3.138750064373	3	1	EOREOR	20	25
8466	1.721249967814	365	1	EOREOR	20	25
8467	4.725	6	1	EOREOR	20	15
8468	6.929954767227	36	1	EOREOR	20	15
8469	4.684500038624	0	1	EOREOR	11	7
8470	0.1088999994099	500	1	EOREOR	87	1
8471	4.350000143051	-10	1	EOREOR	87	1
8472	6.625500106812	8	1	EOREOR	87	1
8473	1.782750070095	20	1	EOREOR	87	1
8474	350	0	1	EOREOR	91	1
8476	2.161999994516	0	1	EOREOR	20	1
8477	2.143199994564	-60	1	EOREOR	20	1
8478	2.700000047684	180	1	EOREOR	20	1
8479	2.006775033474	0	1	EOREOR	20	10
8480	28	5	1	EOREOR	10	91
8481	11.8	0	1	EOREOR	10	91
8482	4.454999935627	10	1	EOREOR	11	10
8483	4.454999935627	-16	1	EOREOR	11	10
8484	11.5	21	1	EOREOR	10	73
8485	15	5	1	EOREOR	10	91
8486	15	0	1	EOREOR	11	10
8487	3	0	1	EOREOR	20	2
8488	3	0	1	EOREOR	20	2
8489	2.0833	9	1	EOREOR	20	2
8490	22.8	1	1	EOREOR	10	79
8491	22.68685417175	7	1	EOREOR	1	35
8492	27.49571914673	16	1	EOREOR	1	38
8493	17.23205394745	0	1	EOREOR	1	38
8494	21.3	12	1	EOREOR	1	38
8495	36	4	1	EOREOR	1	63
8496	40	0	1	EOREOR	1	63
8497	40.68193565369	4	1	EOREOR	1	63
8498	37.57817756653	2	1	EOREOR	1	62
8499	41.22504928589	7	1	EOREOR	1	5
8500	24	3	1	EOREOR	1	5
8501	19.9	3	1	EOREOR	1	38
8502	2.039379954338	150	1	EOREOR	40	16
8503	2.541500043869	48	1	EOREOR	20	25
8504	2.311499989033	0	0	EOREOR	20	25
8505	2.983500051498	3	1	EOREOR	20	25
8506	6.187499761581	0	1	EOREOR	20	1
8507	6.785999727249	0	1	EOREOR	20	1
8509	51.65124893189	0	1	EOREOR	1	63
8510	51.28962516785	5	1	EOREOR	1	63
8511	1.199966146803	0	1	EOREOR	40	26
8512	40.9	2	1	EOREOR	1	74
8513	55	3	1	EOREOR	1	62
8514	29.7	4	1	EOREOR	1	71
8515	11	3	1	EOREOR	1	41
8516	57	0	1	EOREOR	1	74
8517	27.09399938583	0	1	EOREOR	1	2
8518	25	4	1	EOREOR	1	2
8519	59	0	1	EOREOR	1	5
8520	3.672000038624	17	1	EOREOR	20	25
8522	3.672000038624	-15	1	EOREOR	20	25
8524	3.001184928417	-25	1	EOREOR	20	25
8525	3.001184928417	0	0	EOREOR	20	25
8526	3.507975018024	0	1	EOREOR	20	25
8527	4.851076518059	30	0	EOREOR	20	1
8528	30	7	1	EOREOR	1	38
8529	1.8447	108	1	EOREOR	20	25
8530	1.92955493331	30	1	EOREOR	20	25
8531	3.658500051498	8	0	EOREOR	20	25
8533	1.62020595789	228	1	EOREOR	20	25
8534	2.295000064373	0	1	EOREOR	20	25
8536	5.7525	0	1	EOREOR	20	2
8537	3.940244972706	-1	1	EOREOR	20	25
8538	2.666250032187	0	1	EOREOR	20	25
8539	3.658500051498	1	0	EOREOR	20	25
8540	3.0375	2	1	EOREOR	20	25
8541	6.223500180244	0	1	EOREOR	10	75
8542	8.724799923897	0	1	EOREOR	10	0
8543	11.21850056648	0	1	EOREOR	10	72
8544	11.21850056648	0	1	EOREOR	10	72
8545	4.995000064373	0	1	EOREOR	10	0
8546	5.886000180244	0	1	EOREOR	10	0
8547	5.818499922752	0	1	EOREOR	10	0
8548	5.278500115871	0	1	EOREOR	10	0
8549	5.859000205994	24	0	EOREOR	11	0
8550	0.7912349760532	-22	1	EOREOR	40	26
8551	4.454999935627	54	1	EOREOR	20	15
8553	3.766499948502	-12	1	EOREOR	20	25
8554	9.615510106087	55	1	EOREOR	20	10
8557	13	0	1	EOREOR	20	4
8558	5.9	41	0	EOREOR	10	5
8559	5.9	83	0	EOREOR	10	5
8560	3.685500025749	1	1	EOREOR	20	25
8562	4.394000148773	1	1	EOREOR	20	25
8564	3.896900088787	-12	1	EOREOR	20	25
8565	3.744000148773	13	1	EOREOR	20	25
8567	5.31200012207	0	1	EOREOR	20	1
8568	16.9	17	1	EOREOR	1	38
8569	20.8123755455	13	1	EOREOR	1	38
8570	25	5	1	EOREOR	1	63
8573	14.59754962921	0	1	EOREOR	10	25
8577	3.726000065804	37	0	EOREOR	10	5
8578	8.5	7	0	EOREOR	11	11
8579	3.899204921722	2	1	EOREOR	20	25
8580	3.336794936657	1	1	EOREOR	20	25
8581	3.561704921722	0	1	EOREOR	20	25
8582	3.336794936657	2	1	EOREOR	20	25
8583	5.450841331482	0	1	EOREOR	20	25
8584	1.971000051498	40	1	EOREOR	20	25
8586	4.972760004997	120	1	EOREOR	20	25
8587	3.473685121536	2	1	EOREOR	20	25
8588	3.466394877434	2	1	EOREOR	20	25
8589	3.681990087032	1	1	EOREOR	20	25
8590	4.1	84	0	EOREOR	11	0
8591	2.45	10	1	EOREOR	87	6
8592	278.2	3	1	EOREOR	89	6
8600	1.995704966784	0	1	EOREOR	20	9
8601	238.625	0	1	EOREOR	72	0
8602	73.6	0	1	EOREOR	72	0
8603	58.075	0	1	EOREOR	72	0
8604	807.2428	0	1	EOREOR	91	6
8605	807.2428	1	1	EOREOR	91	6
8606	13.6	0	1	EOREOR	1	5
8607	35.87730888367	0	1	EOREOR	1	5
8608	21.37404098511	6	1	EOREOR	1	41
8610	4.320000064373	0	1	EOREOR	10	58
8611	6.583499746323	0	1	EOREOR	10	58
8614	7.727348026896	0	1	EOREOR	99	0
8615	2.708354900658	0	1	EOREOR	40	11
8616	6.3	504	1	EOREOR	11	78
8617	2.25	7260	1	EOREOR	20	1
8618	4.37170992136	0	1	EOREOR	20	1
8626	3.671999716759	0	1	EOREOR	20	25
8627	3.428999948502	0	1	EOREOR	20	25
8628	3.982500064373	2	1	EOREOR	20	25
8629	8.9	60	1	EOREOR	10	75
8630	8.5	46	1	EOREOR	10	75
8631	9.2	26	1	EOREOR	10	75
8632	7.222499871254	27	1	EOREOR	10	75
8633	5.9	29	0	EOREOR	10	5
8634	14.58000025749	18	1	EOREOR	10	38
8635	28	0	1	EOREOR	10	38
8636	28	6	1	EOREOR	10	25
8637	14.75550041199	9	1	EOREOR	10	38
8638	4.527900052071	0	1	EOREOR	20	1
8640	3.577500128746	0	1	EOREOR	20	1
8642	3.744000148773	14	0	EOREOR	20	25
8644	3.280500090122	2	1	EOREOR	20	25
8648	4.050540089607	13	1	EOREOR	20	15
8649	4.662059998512	30	1	EOREOR	20	1
8650	4.662059998512	-60	1	EOREOR	20	1
8651	9.25	4	1	EOREOR	1	41
8652	22.7708404541	6	0	EOREOR	1	5
8653	40.12079772949	6	0	EOREOR	1	2
8654	37.91171951294	7	0	EOREOR	1	5
8655	44.61084136963	3	0	EOREOR	1	2
8656	3.120389914513	6	1	EOREOR	20	25
8657	1300.23	0	1	EOREOR	89	6
8658	3.75	40	1	EOREOR	20	2
8659	21.14699949265	0	1	EOREOR	11	69
8660	21.14699949265	0	1	EOREOR	11	69
8661	24.16499948502	3	1	EOREOR	11	0
8662	20.65500025749	0	1	EOREOR	11	0
8664	8.626499819756	0	1	EOREOR	10	73
8665	7.492500257492	89	1	EOREOR	10	5
8666	3.658500051498	2	1	EOREOR	20	25
8667	3.039794898033	2	1	EOREOR	20	25
8668	3.602204883099	0	1	EOREOR	20	25
8669	2.533545058966	47	1	EOREOR	20	25
8670	5.908544898033	8	1	EOREOR	20	25
8671	2.646000051498	1	1	EOREOR	20	25
8672	7.205000209808	20	1	EOREOR	20	2
8673	17.68700013161	2	1	EOREOR	87	11
8674	7.488000297546	0	1	EOREOR	11	0
8675	3.461535036564	1	1	EOREOR	20	25
8677	4.023000025749	2	1	EOREOR	20	25
8680	3.685500025749	16	0	EOREOR	20	25
8681	3.685500025749	16	0	EOREOR	20	25
8682	3.685500025749	1	1	EOREOR	20	25
8683	4.157999897003	-1	1	EOREOR	20	25
8685	2.5613250494	0	1	EOREOR	20	1
8686	12.5	4	1	EOREOR	75	0
8687	11.2	12	1	EOREOR	75	0
8688	12.5	12	1	EOREOR	75	0
8689	11.2	24	1	EOREOR	75	0
8690	134.9640007019	0	1	EOREOR	1	2
8691	28	5	1	EOREOR	1	35
8692	29	12	1	EOREOR	1	38
8693	36.01014982224	4	1	EOREOR	1	2
8694	39.08850193024	0	1	EOREOR	1	62
8695	40.59499912262	2	1	EOREOR	1	62
8697	56.4	3	1	EOREOR	87	11
8698	56.4	1	1	EOREOR	87	11
8699	56.4	3	1	EOREOR	87	11
8700	4.023000025749	12	1	EOREOR	87	11
8701	1.50660007596	6	1	EOREOR	20	10
8702	6.7	0	1	EOREOR	99	1
8703	6.363588341904	0	1	EOREOR	99	1
8704	11.817975	0	1	EOREOR	99	1
8705	1.5	240	1	EOREOR	87	26
8706	1.5	150	1	EOREOR	87	26
8707	29.10000038147	2	1	EOREOR	87	11
8708	3.899879872799	18	0	EOREOR	20	25
8709	3.618000090122	17	0	EOREOR	20	25
8710	3.604500102997	18	0	EOREOR	20	25
8711	4.940825036764	60	1	EOREOR	20	2
8713	5.974109845161	80	1	EOREOR	20	2
8715	4.562190020084	0	2	EOREOR	20	15
8716	0.59	2640	1	EOREOR	40	6
8718	7.367028476	0	1	EOREOR	20	2
8719	3.470850133896	23	1	EOREOR	20	10
8720	4.637924873829	5	1	EOREOR	20	25
8721	4.579199945927	20	1	EOREOR	20	25
8722	4.181625115871	0	1	EOREOR	20	25
8723	4.067570066452	90	1	EOREOR	20	1
8726	1.609999966621	40	1	EOREOR	20	11
8727	7.175999975205	2	1	EOREOR	87	11
8728	19.70000076294	5	1	EOREOR	87	11
8729	4.545386015821	0	1	EOREOR	99	1
8732	6.2	3	1	EOREOR	85	1
8733	2.7610201478	79	1	EOREOR	20	25
8734	1.487500071526	38	1	EOREOR	87	11
8735	1.487500071526	9	1	EOREOR	87	11
8736	16.5	0	1	EOREOR	11	5
8737	11.62	11	1	EOREOR	70	0
8740	37.11118927002	1	1	EOREOR	1	29
8741	26.14490413666	3	1	EOREOR	1	35
8742	172.3536071777	3	1	EOREOR	1	50
8743	177.2495910645	3	1	EOREOR	1	38
8744	14.77512016296	6	1	EOREOR	1	50
8747	0.4233600139618	572	1	EOREOR	60	1
8748	9.733500051498	0	1	EOREOR	10	73
8749	4.2	0	1	EOREOR	20	2
8750	27.30400085449	1	1	EOREOR	87	11
8751	12.35249948502	5	1	EOREOR	11	5
8752	2.414999890328	90	0	EOREOR	87	26
8753	2.472500109673	66	0	EOREOR	87	26
8754	26.64000091553	5	1	EOREOR	87	6
8755	20.87999954224	5	0	EOREOR	89	6
8756	13.225	0	1	EOREOR	87	6
8757	3.899879872799	4	1	EOREOR	20	25
8758	3.618000090122	1	0	EOREOR	20	25
8759	3.604500102997	0	1	EOREOR	20	25
8760	2.62575007081	1	1	EOREOR	20	25
8762	4.110614919663	0	1	EOREOR	20	25
8764	1.855575048924	55	1	EOREOR	20	10
8765	1.944675028324	31	1	EOREOR	20	10
8766	2.178630065918	24	1	EOREOR	20	10
8767	17	9	1	EOREOR	80	1
8768	2.187000006437	48	1	EOREOR	20	25
8769	1.647000038624	247	1	EOREOR	20	25
8770	3.348000025749	3	1	EOREOR	20	25
8771	3.508245062828	-1	0	EOREOR	20	25
8773	1.849500006437	252	1	EOREOR	20	25
8774	2.09	1650	1	EOREOR	20	1
8775	0.5800949826837	1536	1	EOREOR	60	1
8776	4.552324085236	330	1	EOREOR	20	1
8777	5.129149866104	0	1	EOREOR	20	1
8779	5.379300098419	0	1	EOREOR	20	2
8781	3.307500064373	17	2	EOREOR	20	25
8783	3.307500064373	2	1	EOREOR	20	25
8785	3.172499871254	0	1	EOREOR	20	25
8786	3.830400152206	2	1	EOREOR	20	25
8787	5.805000257492	16	1	EOREOR	11	0
8788	5.805000257492	20	1	EOREOR	11	0
8789	0.75	96	1	EOREOR	40	21
8790	2.351835000515	0	1	EOREOR	50	1
8791	1.645110046864	0	1	EOREOR	50	1
8796	3.804705011845	10	1	EOREOR	20	25
8797	3.804705011845	1	1	EOREOR	20	25
8799	2.173500019312	57	1	EOREOR	20	25
8800	2.73591016531	1	1	EOREOR	20	25
8801	67.85	0	1	EOREOR	1	63
8802	4.232059895992	0	1	EOREOR	20	2
8803	0.7425000160933	1607	2	EOREOR	20	13
8804	0.7694999903441	238	2	EOREOR	20	13
8805	0.7694999903441	-164	2	EOREOR	20	13
8806	0.9402750045061	490	2	EOREOR	20	13
8807	0.9402750045061	1440	2	EOREOR	20	13
8808	2.491060054302	0	1	EOREOR	40	16
8809	25	0	1	EOREOR	85	1
8810	4.9	1	1	EOREOR	70	0
8811	3.94038015604	3	1	EOREOR	20	25
8812	3.509999871254	0	1	EOREOR	20	25
8813	3.658500051498	9	1	EOREOR	20	25
8814	3.321000051498	2	1	EOREOR	20	25
8816	2.412000060082	0	1	EOREOR	20	1
8817	9.455	24	1	EOREOR	1	41
8818	113.116501236	1	0	EOREOR	1	5
8819	42	3	0	EOREOR	1	5
8820	33.66250038147	1	0	EOREOR	1	5
8822	4.339999866486	0	1	EOREOR	11	4
8823	13.76999974251	0	1	EOREOR	10	0
8824	26.325	0	1	EOREOR	10	0
8825	2.002656011581	0	1	EOREOR	20	9
8826	1.861206064224	0	1	EOREOR	20	9
8827	1.861206064224	0	1	EOREOR	20	9
8828	1.861206064224	0	1	EOREOR	20	9
8829	5	40	1	EOREOR	20	2
8830	3.95	30	1	EOREOR	20	1
8833	3.442499935627	3	1	EOREOR	20	25
8835	2.051999974251	0	1	EOREOR	20	25
8836	2.022704941034	133	1	EOREOR	20	25
8837	3.911131072044	0	1	EOREOR	20	2
8841	4.976639914513	10	1	EOREOR	20	15
8842	3.979395031929	39	1	EOREOR	20	15
8843	4.670730006695	-6	1	EOREOR	20	15
8844	4.6	30	1	EOREOR	20	1
8845	4.735380077362	90	1	EOREOR	20	1
8846	4.156749987602	120	1	EOREOR	20	1
8850	3.280500090122	84	1	EOREOR	20	25
8851	3.888000154495	1	2	EOREOR	20	25
8852	3.280500090122	5	1	EOREOR	20	25
8853	3.888000154495	3	1	EOREOR	20	25
8854	4.83335987196	0	1	EOREOR	11	4
8856	5.165289974213	120	0	EOREOR	20	1
8857	1.8227	0	1	EOREOR	20	25
8858	11.1	0	1	EOREOR	1	41
8859	1.15	24	1	EOREOR	40	16
8860	174.52	1	1	EOREOR	1	2
8861	4.437450242043	380	1	EOREOR	20	1
8862	4.432889926434	0	1	EOREOR	20	1
8864	3.658500051498	12	1	EOREOR	20	25
8866	2.666250032187	1	1	EOREOR	20	25
8868	4.372290110588	0	1	EOREOR	20	1
8869	4.295900025368	0	1	EOREOR	20	1
8870	4.435829973221	0	1	EOREOR	20	1
8872	4.046760106087	2	1	EOREOR	20	10
8873	3.999914896488	1	1	EOREOR	20	10
8874	3.114989984036	1	1	EOREOR	20	25
8875	2.61845998764	1	1	EOREOR	20	10
8876	3.029669988155	1	1	EOREOR	20	25
8877	2.4	18	1	EOREOR	87	6
8878	5.741580295563	6	1	EOREOR	87	6
8879	1.77671006918	30	1	EOREOR	87	6
8880	2.339999938011	0	1	EOREOR	87	6
8881	11.05	3	1	EOREOR	87	6
8882	13.65	0	1	EOREOR	87	6
8883	13.65	0	1	EOREOR	87	6
8884	13.65	0	1	EOREOR	87	6
8885	1.146149969101	168	1	EOREOR	20	10
8886	25.08999900818	1	0	EOREOR	87	6
8887	8.45	0	0	EOREOR	87	6
8888	29.36700019836	0	0	EOREOR	87	6
8889	6.747000074387	0	0	EOREOR	87	6
8890	3.654990112782	28	1	EOREOR	20	25
8891	3.441824984551	15	1	EOREOR	20	25
8892	3.432239842415	1	1	EOREOR	20	25
8893	4.175685095787	1	1	EOREOR	20	25
8894	1.187499985099	18	1	EOREOR	87	16
8895	0.5459999829531	50	1	EOREOR	87	16
8896	4.576500141621	65	1	EOREOR	20	25
8897	4.576500141621	48	1	EOREOR	20	25
8898	1.560000061989	47	1	EOREOR	60	12
8899	6.682499742508	2	1	EOREOR	10	46
8900	6.682499742508	0	1	EOREOR	10	46
8901	6.682499742508	0	1	EOREOR	10	46
8908	3.73579788208	0	1	EOREOR	20	1
8909	3.808090090752	0	1	EOREOR	20	1
8910	4.120704059601	0	1	EOREOR	20	3
8911	90	0	1	EOREOR	91	16
8912	4.315999913216	176	1	EOREOR	20	25
8913	3.182625102997	25	1	EOREOR	20	25
8914	19.70000076294	2	1	EOREOR	87	11
8915	19.70000076294	15	1	EOREOR	87	11
8916	2.83083999157	0	1	EOREOR	20	1
8917	2.708400034905	0	1	EOREOR	40	21
8918	6.818266196501	0	1	EOREOR	99	1
8919	7.272719833374	0	1	EOREOR	99	1
8920	1.146149969101	24	1	EOREOR	20	10
8921	3.672000038624	62	1	EOREOR	20	25
8922	3.412124884129	51	1	EOREOR	20	25
8923	3.7125	112	1	EOREOR	20	25
8924	3.952125012875	144	1	EOREOR	20	25
8925	4.400999987125	0	1	EOREOR	10	4
8926	4.400999987125	0	1	EOREOR	10	4
8927	6.06150033474	0	1	EOREOR	10	4
8928	8.45	0	1	EOREOR	11	29
8929	4.934300050736	0	1	EOREOR	11	29
8930	6.636700329781	0	1	EOREOR	11	29
8931	6.636700329781	0	1	EOREOR	11	29
8932	6.92150036335	0	1	EOREOR	10	6
8933	6.999999880791	0	1	EOREOR	10	6
8934	7.599999904633	0	1	EOREOR	10	6
8935	3.509999871254	75	1	EOREOR	20	25
8936	69.21669381867	0	1	EOREOR	1	23
8937	41.36625051498	1	1	EOREOR	1	2
8938	35.84969973564	6	1	EOREOR	1	62
8939	37.69559812546	4	1	EOREOR	1	56
8940	34.99469947815	5	1	EOREOR	1	5
8941	47.67839813232	4	1	EOREOR	1	62
8942	29.74950027466	6	1	EOREOR	1	56
8943	33.73470067978	3	1	EOREOR	1	62
8944	81.64248561859	3	1	EOREOR	1	63
8945	40.97969913483	4	1	EOREOR	1	5
8946	35.27651166916	5	1	EOREOR	1	2
8947	23.52667450905	5	1	EOREOR	1	56
8948	30.44677591324	6	1	EOREOR	1	56
8949	44.19944858551	5	1	EOREOR	1	5
8951	4.960799980164	60	1	EOREOR	20	1
8952	7.475	0	1	EOREOR	20	2
8953	3.280500090122	9	1	EOREOR	20	25
8954	4.029899961948	1	1	EOREOR	20	25
8955	3.280500090122	0	1	EOREOR	20	25
8956	3.830400152206	6	1	EOREOR	20	25
8957	5.03750026226	71	1	EOREOR	20	25
8958	5.656039428711	20	1	EOREOR	20	2
8959	3.048299860954	25	1	EOREOR	20	25
8960	3.252960026264	48	1	EOREOR	20	25
8961	3.99	0	1	EOREOR	20	1
8962	4.1	240	1	EOREOR	20	1
8963	4.833399915695	0	1	EOREOR	20	1
8964	4.04703015089	24	1	EOREOR	20	25
8965	4.838535010815	34	1	EOREOR	20	10
8966	42.25	1	1	EOREOR	1	2
8967	21.95	2	1	EOREOR	1	2
8968	21.95	1	1	EOREOR	1	2
8969	21.95	3	1	EOREOR	1	2
8970	21.95	3	1	EOREOR	1	2
8971	43.5	3	1	EOREOR	1	63
8972	57.95	0	1	EOREOR	1	63
8973	44.9	0	1	EOREOR	1	63
8974	3.103205866814	8	1	EOREOR	20	25
8975	3.372857866287	0	1	EOREOR	20	25
8976	3.078089976311	0	1	EOREOR	20	25
8977	1.446794968844	142	1	EOREOR	20	9
8978	16.40249948502	0	1	EOREOR	10	46
8979	13.2	0	1	EOREOR	10	46
8980	11.95	0	1	EOREOR	10	46
8981	24.65	10	1	EOREOR	10	43
8982	3.698400092125	3	1	EOREOR	20	25
8983	2.375808076859	1	1	EOREOR	20	25
8984	2.547479939461	22	1	EOREOR	20	25
8985	2.661660075188	137	1	EOREOR	20	25
8986	3.410808076859	95	1	EOREOR	20	25
8987	5.224999785423	30	1	EOREOR	20	2
8988	4.875000119209	0	1	EOREOR	20	2
8989	5.375000238419	0	1	EOREOR	20	2
8990	5.939999771118	0	1	EOREOR	20	2
8991	4.748800048828	0	1	EOREOR	20	2
8992	5.3125	0	1	EOREOR	20	2
8993	4.666624963284	60	1	EOREOR	20	2
8994	5.395000123978	18	1	EOREOR	20	15
8995	6.890000247955	18	1	EOREOR	20	15
8996	2.429999935627	36	1	EOREOR	20	15
8997	2.295000064373	23	1	EOREOR	20	15
8998	2.429999935627	1	1	EOREOR	20	15
8999	5.788899860382	0	1	EOREOR	20	2
9001	3.629400157929	127	1	EOREOR	20	25
9025	3.615599842072	92	1	EOREOR	20	25
9027	3.832245075703	143	1	EOREOR	20	25
9035	3.536999845505	3	1	EOREOR	20	25
9043	4.21875	18	1	EOREOR	20	15
9044	201.9218444824	1	1	EOREOR	1	38
9045	5.056640014648	120	1	EOREOR	20	1
9046	3.005234956741	7	1	EOREOR	20	22
9047	42.9	2	1	EOREOR	1	41
9048	4.45	0	1	EOREOR	20	2
9049	6.240000247955	54	1	EOREOR	87	6
9051	5.788899860382	0	1	EOREOR	20	2
9052	5.656250119209	0	1	EOREOR	20	2
9053	5.886499767304	0	1	EOREOR	20	2
9054	6.41399974823	0	1	EOREOR	20	2
9055	3.536999845505	112	1	EOREOR	20	25
9056	3.401999974251	159	1	EOREOR	20	25
9057	3.550500154495	139	1	EOREOR	20	25
9058	3.833999884129	174	1	EOREOR	20	25
9059	5.931249856949	0	1	EOREOR	20	2
9072	8.154000091553	0	1	EOREOR	20	2
9074	5.161000037193	0	1	EOREOR	20	1
9075	5.31200012207	0	1	EOREOR	20	1
9076	25	0	1	EOREOR	85	1
9077	6.45	-2	1	EOREOR	85	1
9079	3.933699893951	60	1	EOREOR	20	1
9119	4.220099902153	60	1	EOREOR	20	1
9121	29	0	1	EOREOR	11	81
9122	36.81250095367	0	1	EOREOR	11	81
9123	72.48000183106	0	1	EOREOR	11	81
9124	33.25000047684	0	1	EOREOR	11	81
9125	3.415499961376	192	1	EOREOR	20	25
9126	3.734370088577	140	1	EOREOR	20	25
9127	3.878685057163	105	1	EOREOR	20	25
9128	3.965625	144	1	EOREOR	20	25
9129	9.044999742508	59	1	EOREOR	20	13
9130	4.836000037193	90	1	EOREOR	20	1
9131	4.846625030041	60	1	EOREOR	20	1
9132	6.253719911575	0	1	EOREOR	20	1
9133	6.253719911575	20	1	EOREOR	20	1
9134	0.3925799936056	1512	1	EOREOR	60	1
9135	0.5336999952793	504	1	EOREOR	60	1
9136	1.14749995172	280	1	EOREOR	20	13
9137	23.35	5	1	EOREOR	10	68
9138	18.75	4	1	EOREOR	10	68
9139	23.35	2	1	EOREOR	10	10
9140	13.75	2	1	EOREOR	10	75
9141	13.74956751013	4	1	EOREOR	10	6
9142	11.2497	5	1	EOREOR	10	92
9143	10	2	1	EOREOR	10	6
9144	12.500475	5	1	EOREOR	10	60
9145	16.25	4	1	EOREOR	10	0
9146	10.00002917261	1	1	EOREOR	10	51
9147	15	1	1	EOREOR	10	6
9148	4.2	200	1	EOREOR	20	1
9149	5.859000205994	24	0	EOREOR	11	11
9150	3.643200144768	0	1	EOREOR	20	25
9151	3.643200144768	0	1	EOREOR	20	25
9152	2.652999973297	-16	1	EOREOR	20	25
9153	4.279500102997	0	1	EOREOR	20	1
9154	5.983000354767	0	1	EOREOR	20	2
9155	5.931249856949	0	1	EOREOR	20	2
9156	1.14749995172	320	1	EOREOR	20	13
9157	0.9101699978113	166	1	EOREOR	20	10
9158	0.9101699978113	166	1	EOREOR	20	10
9159	3.226364958286	72	1	EOREOR	20	25
9160	4.21707007885	72	1	EOREOR	20	25
9161	4.044600069523	72	1	EOREOR	20	25
9162	1.14749995172	136	1	EOREOR	20	13
9163	0.9101699978113	168	1	EOREOR	20	10
9164	1.147500032187	140	1	EOREOR	20	13
9165	6.157705831528	0	1	EOREOR	20	2
9166	4.125059902668	33	1	EOREOR	20	15
9167	4.236680078507	50	1	EOREOR	20	10
9168	4.217919969559	60	1	EOREOR	20	10
9169	2.159729987383	94	1	EOREOR	20	10
9170	2.990655112267	71	1	EOREOR	20	25
9171	3.309930145741	69	1	EOREOR	20	25
9172	5.247599716187	30	1	EOREOR	20	1
9173	3.051810121536	72	1	EOREOR	20	25
9174	4.900323121548	60	1	EOREOR	20	1
9175	4.630500090122	100	1	EOREOR	20	2
9176	12.96000051498	5	1	EOREOR	10	38
9177	291	0	1	EOREOR	1	5
9178	304	0	1	EOREOR	1	62
9179	291	0	1	EOREOR	1	5
9180	200	0	1	EOREOR	1	41
9181	16.9	0	1	EOREOR	10	4
9182	27.55200042725	6	0	EOREOR	1	5
9183	23.73	6	1	EOREOR	1	38
9184	96.93600341797	1	0	EOREOR	1	63
9185	2.75	0	1	EOREOR	20	1
9186	4.460540008545	72	1	EOREOR	20	14
9187	1.55063996315	144	1	EOREOR	20	9
9188	1.457540035248	143	1	EOREOR	20	9
9189	1.867880034447	143	1	EOREOR	20	9
9190	0.8715000033379	0	1	EOREOR	20	8
9191	5.31200012207	0	1	EOREOR	20	1
9192	5.31200012207	0	1	EOREOR	20	1
9193	6.062499880791	0	1	EOREOR	20	2
9194	2.160000032187	-24	1	EOREOR	20	25
9195	4.063499987125	0	1	EOREOR	20	25
9196	3.253500115871	0	1	EOREOR	20	25
9197	4.05	0	1	EOREOR	20	25
9198	3.982500064373	0	1	EOREOR	20	10
9199	3.982500064373	0	1	EOREOR	20	10
9200	1.822500032187	48	1	EOREOR	20	25
9201	2.869154906273	72	1	EOREOR	20	25
9202	3.002670013905	72	1	EOREOR	20	25
101645	1.78	60	1	EOREOR	20	10
